   1.0049875759568123E-006
   1.0049875759568123E-006
   1.0258484943454132E-006
   1.0496444869518023E-006
   1.0750866129642219E-006
   1.1019227716279266E-006
   1.1297368738997650E-006
   1.1583123475771280E-006
   1.1876189449244007E-006
   1.2173997982573175E-006
   1.2476363611709876E-006
   1.2781334000015532E-006
   1.3088047632653006E-006
   1.3394195798616585E-006
   1.3699011121623288E-006
   1.4002035532790910E-006
   1.4302395719288874E-006
   1.4599469124693639E-006
   1.4892900070260360E-006
   1.5181005975607024E-006
   1.5463311465204601E-006
   1.5739566789142885E-006
   1.6008094734347258E-006
   1.6269322035558629E-006
   1.6522678840644825E-006
   1.6767399635489246E-006
   1.7003023335609585E-006
   1.7228764430041956E-006
   1.7442793105859682E-006
   1.7644489121046079E-006
   1.7833845300351842E-006
   1.8010229199640311E-006
   1.8172998596451672E-006
   1.8323787214686422E-006
   1.8461685720861569E-006
   1.8587009059494836E-006
   1.8699841961895507E-006
   1.8800779919485807E-006
   1.8889030715195396E-006
   1.8967925803550607E-006
   1.9036110327900618E-006
   1.9093419851784125E-006
   1.9145155533900769E-006
   1.9191457531436719E-006
   1.9231683302941336E-006
   1.9270766871031051E-006
   1.9308976040572842E-006
   1.9346362119132153E-006
   1.9383509056442918E-006
   1.9420193241764984E-006
   1.9456697700657188E-006
   1.9492589094382358E-006
   1.9528470608349651E-006
   1.9564240788576758E-006
   1.9600099711938144E-006
   1.9635847536377588E-006
   1.9671570524141754E-006
   1.9707131179174655E-006
   1.9742573158681712E-006
   1.9778196578024019E-006
   1.9813567997693578E-006
   1.9849142258602806E-006
   1.9884390951316043E-006
   1.9919712472575752E-006
   1.9954880536864537E-006
   1.9989954653360728E-006
   2.0024980585237131E-006
   2.0059786341344709E-006
   2.0094396274393433E-006
   2.0128777358455846E-006
   2.0162885083109199E-006
   2.0197282432532056E-006
   2.0231754786716130E-006
   2.0265723092024951E-006
   2.0299621005448728E-006
   2.0333441982342077E-006
   2.0367266056186781E-006
   2.0400952997222546E-006
   2.0434362205024641E-006
   2.0468013333823681E-006
   2.0501288646500954E-006
   2.0534403556996171E-006
   2.0567374996749310E-006
   2.0600613742640276E-006
   2.0633758099058058E-006
   2.0666919536893535E-006
   2.0699869525135880E-006
   2.0732880926225909E-006
   2.0765685004722906E-006
   2.0798372158630554E-006
   2.0831102336841241E-006
   2.0863935281555710E-006
   2.0896490896547573E-006
   2.0929135380907758E-006
   2.0961841961322974E-006
   2.0994661794981458E-006
   2.1027421089577034E-006
   2.1060011486325301E-006
   2.1092857703035369E-006
   2.1125629750382736E-006
   2.1158452438812938E-006
   2.1191287714190010E-006
   2.1224262885062812E-006
   2.1257159109141842E-006
   2.1290187498295858E-006
   2.1323323707447256E-006
   2.1356718715803030E-006
   2.1390015101787154E-006
   2.1423494902150549E-006
   2.1457026813665009E-006
   2.1490730926045072E-006
   2.1524923964499419E-006
   2.1559031197447994E-006
   2.1593373910447801E-006
   2.1628053796131172E-006
   2.1662597229691185E-006
   2.1697516308247082E-006
   2.1732691632013373E-006
   2.1768229965873285E-006
   2.1804167077876983E-006
   2.1840193064471488E-006
   2.1876463328139016E-006
   2.1913216182250015E-006
   2.1950229116301679E-006
   2.1987854701919479E-006
   2.2025906637210859E-006
   2.2064319796239154E-006
   2.2102973046102019E-006
   2.2142294920379820E-006
   2.2181958584835370E-006
   2.2222162235498554E-006
   2.2263032621374264E-006
   2.2304354906169966E-006
   2.2346548421833134E-006
   2.2389270642801161E-006
   2.2432781048967465E-006
   2.2476940992917329E-006
   2.2521562616118211E-006
   2.2567096220008135E-006
   2.2613514774366969E-006
   2.2661101417304830E-006
   2.2709387174919702E-006
   2.2758625904365635E-006
   2.2808979365658893E-006
   2.2860254465082579E-006
   2.2913066569335518E-006
   2.2966870657702642E-006
   2.3021904560113387E-006
   2.3078144938860834E-006
   2.3136100671612797E-006
   2.3195286463595599E-006
   2.3256045480852274E-006
   2.3318346199746103E-006
   2.3381991961452890E-006
   2.3447181687326848E-006
   2.3514303696992134E-006
   2.3583088684749745E-006
   2.3653792234951182E-006
   2.3726095578217103E-006
   2.3800377647183960E-006
   2.3877049830956715E-006
   2.3955111912868412E-006
   2.4035599916596282E-006
   2.4117369151274690E-006
   2.4201395342881119E-006
   2.4287245546555837E-006
   2.4375570103967865E-006
   2.4465577128671071E-006
   2.4557503779867935E-006
   2.4651095043031511E-006
   2.4746025311933314E-006
   2.4843554360515276E-006
   2.4942133422199360E-006
   2.5043171939714205E-006
   2.5144928027965029E-006
   2.5249163990607467E-006
   2.5354629490696167E-006
   2.5461956547048055E-006
   2.5570826428877782E-006
   2.5681589679729242E-006
   2.5794156422029758E-006
   2.5907446158681463E-006
   2.6022360687907013E-006
   2.6139130314655751E-006
   2.6257913287360778E-006
   2.6378213849043335E-006
   2.6500282005967913E-006
   2.6623793581474354E-006
   2.6749502762969942E-006
   2.6877207990487923E-006
   2.7007010081645193E-006
   2.7139929187542211E-006
   2.7275150966883492E-006
   2.7412718429515954E-006
   2.7553970112668473E-006
   2.7696811325559459E-006
   2.7843399878342572E-006
   2.7993365303773411E-006
   2.8148116967015442E-006
   2.8307511138745616E-006
   2.8471314550021020E-006
   2.8640548679330535E-006
   2.8816143634059708E-006
   2.8998682808443670E-006
   2.9187752758461737E-006
   2.9385107884101245E-006
   2.9592905528183569E-006
   2.9809444668883100E-006
   3.0035560247797549E-006
   3.0271052728151890E-006
   3.0518882140245663E-006
   3.0777423032279751E-006
   3.1048237206887902E-006
   3.1330397100463261E-006
   3.1626799261353229E-006
   3.1940062871637419E-006
   3.2264002769642050E-006
   3.2602500779249358E-006
   3.2953874668708328E-006
   3.3319676275211497E-006
   3.3696909402467668E-006
   3.4086883851756630E-006
   3.4489542009892229E-006
   3.4903054525048750E-006
   3.5329620196265395E-006
   3.5769541324053674E-006
   3.6216547548801871E-006
   3.6675090968721729E-006
   3.7144846818302676E-006
   3.7623888141236084E-006
   3.8111366066984556E-006
   3.8605424852584107E-006
   3.9111286377566327E-006
   3.9620039218839056E-006
   4.0137850840888818E-006
   4.0666080875969316E-006
   4.1200145107611233E-006
   4.1742282008188644E-006
   4.2289156274854383E-006
   4.2851403073793594E-006
   4.3423490805414955E-006
   4.4001819565366403E-006
   4.4595760918749107E-006
   4.5190885543040436E-006
   4.5801335288228163E-006
   4.6355728467092716E-006
   4.6461938363612720E-006
   4.6476223207576115E-006
   4.6478269613393990E-006
   4.6478622040638372E-006
   4.7472502560936702E-006
   4.8443659099468105E-006
   4.9360980085309368E-006
   5.0261875339804574E-006
   5.1125722663176949E-006
   5.1936058316468259E-006
   5.2688669958249121E-006
   5.3376418156126116E-006
   5.4013654412648316E-006
   5.4604440575399034E-006
   5.5117045382246249E-006
   5.5585701074569968E-006
   5.6016440409790299E-006
   5.6424039522313538E-006
   5.6772408659773946E-006
   5.7089641149332990E-006
   5.7352011270235747E-006
   5.7576524983179789E-006
   5.7782010889839276E-006
   5.7971533559131757E-006
   5.8142925372004079E-006
   5.8297732160372736E-006
   5.8443681522962616E-006
   5.8578477342017147E-006
   5.8696736766776438E-006
   5.8796932561580461E-006
   5.8892948805667224E-006
   5.8968322847040468E-006
   5.9041515835594919E-006
   5.9105005182446553E-006
   5.9161684467988583E-006
   5.9214630517222894E-006
   5.9261913668181706E-006
   5.9308546043533359E-006
   5.9347233821608994E-006
   5.9384960756905667E-006
   5.9418666249672056E-006
   5.9449214555672385E-006
   5.9477828862469355E-006
   5.9500904904610985E-006
   5.9522838462753008E-006
   5.9545826119421237E-006
   5.9564816517777322E-006
   5.9580964355672652E-006
   5.9595487270758007E-006
   5.9610027876377356E-006
   5.9624184071485664E-006
   5.9635638754005241E-006
   5.9646284044202153E-006
   5.9654229788185131E-006
   6.6692465146017004E-006
   6.6692465146017004E-006
   6.6692465146017004E-006
   6.6692465146017004E-006
   6.6692465146017004E-006
   6.6692465146017004E-006
   6.6692465146017004E-006
   6.6692465146017004E-006
   6.6692465146017004E-006
   6.6692465146017004E-006
   6.6692465146017004E-006
   6.6692465146017004E-006
   6.6692465146017004E-006
   6.6692465146017004E-006
   6.6692465146017004E-006
   6.6692465146017004E-006
   6.6692465146017004E-006
   6.6692465146017004E-006
   6.6692465146017004E-006
   6.6692465146017004E-006
   6.6692465146017004E-006
   6.6692465146017004E-006
   6.6692465146017004E-006
   6.6692465146017004E-006
   6.6692465146017004E-006
   6.6692465146017004E-006
   6.6692465146017004E-006
   6.6692465146017004E-006
   6.6692465146017004E-006
   6.6692465146017004E-006
   6.6692465146017004E-006
   6.6692465146017004E-006
   6.6692465146017004E-006
   6.6692465146017004E-006
   6.6692465146017004E-006
   6.6692465146017004E-006
   6.6692465146017004E-006
   6.6692465146017004E-006
   6.6692465146017004E-006
   6.6692465146017004E-006
   6.6692465146017004E-006
