   1.0049875759568123E-006
   1.0049875759568123E-006
   1.0274973103426131E-006
   1.0525756761507500E-006
   1.0790896755901419E-006
   1.1065962632959690E-006
   1.1349661106960663E-006
   1.1640058874240652E-006
   1.1935520118634736E-006
   1.2235456591396553E-006
   1.2537220061752269E-006
   1.2840732889600996E-006
   1.3143538102450138E-006
   1.3445680789085462E-006
   1.3746409856260881E-006
   1.4044382358624686E-006
   1.4338608673927152E-006
   1.4629270891676040E-006
   1.4915102490770072E-006
   1.5194913513018426E-006
   1.5468734504814876E-006
   1.5736189492814418E-006
   1.5996174707399470E-006
   1.6248247661661550E-006
   1.6491639295291141E-006
   1.6726302529624993E-006
   1.6950140457856149E-006
   1.7162093962504087E-006
   1.7361798622552309E-006
   1.7548890432237502E-006
   1.7724053898175356E-006
   1.7886679549943433E-006
   1.8036930225521578E-006
   1.8175000030387213E-006
   1.8300965658907902E-006
   1.8416521337067408E-006
   1.8520109813472106E-006
   1.8611566961311615E-006
   1.8691755649772106E-006
   1.8762014589695316E-006
   1.8820136523007472E-006
   1.8869422732316424E-006
   1.8912885663281834E-006
   1.8952283435131945E-006
   1.8989150441419279E-006
   1.9025859836526510E-006
   1.9062280262795144E-006
   1.9098537077283149E-006
   1.9135009658595847E-006
   1.9171376108886321E-006
   1.9207785002221499E-006
   1.9244312815139771E-006
   1.9280998568584871E-006
   1.9317451843191358E-006
   1.9353954508039960E-006
   1.9390244185188312E-006
   1.9426847599330630E-006
   1.9463264139797095E-006
   1.9499647176823780E-006
   1.9536237010658523E-006
   1.9572549533477844E-006
   1.9608793204195186E-006
   1.9644964580920556E-006
   1.9681073751365015E-006
   1.9717154840231993E-006
   1.9753156511145859E-006
   1.9788794369391823E-006
   1.9824313738884059E-006
   1.9859842405395838E-006
   1.9895198049707159E-006
   1.9930514692244989E-006
   1.9965557321453924E-006
   2.0000557619672236E-006
   2.0035518299919135E-006
   2.0070391331042418E-006
   2.0104962290246116E-006
   2.0139376228509337E-006
   2.0173935897658833E-006
   2.0208390086960589E-006
   2.0242713336977603E-006
   2.0276954388604079E-006
   2.0310912549444394E-006
   2.0344576943813751E-006
   2.0378376731702210E-006
   2.0412129455268853E-006
   2.0445808803440732E-006
   2.0479304602652033E-006
   2.0512898252998564E-006
   2.0546188272263653E-006
   2.0579721649531758E-006
   2.0613147339252988E-006
   2.0646706720317246E-006
   2.0680175732600239E-006
   2.0713523684491941E-006
   2.0746866891106946E-006
   2.0780305745089190E-006
   2.0813737216968785E-006
   2.0847181000120560E-006
   2.0880662888445148E-006
   2.0914053130888678E-006
   2.0947595882755997E-006
   2.0981394806546819E-006
   2.1015017914511009E-006
   2.1048745755402501E-006
   2.1082667033874280E-006
   2.1116683466296997E-006
   2.1150884367344147E-006
   2.1185040285858875E-006
   2.1219244503646002E-006
   2.1253619725941611E-006
   2.1288134690614657E-006
   2.1322904684159182E-006
   2.1358042005096571E-006
   2.1393168528934352E-006
   2.1428779996732787E-006
   2.1464541249735108E-006
   2.1500598913901652E-006
   2.1537124797779945E-006
   2.1573563850411895E-006
   2.1610506823485960E-006
   2.1647822223241215E-006
   2.1685461898609588E-006
   2.1723375694082302E-006
   2.1761840705606194E-006
   2.1800626484097443E-006
   2.1839827595316601E-006
   2.1879367140138530E-006
   2.1919511995083143E-006
   2.1960237094855169E-006
   2.2001536909991589E-006
   2.2043346524972343E-006
   2.2085724340972928E-006
   2.2128814473955430E-006
   2.2172439906822103E-006
   2.2216514427234370E-006
   2.2261606526811254E-006
   2.2307292466168705E-006
   2.2354245776971965E-006
   2.2401937742191361E-006
   2.2450297827882433E-006
   2.2499762499394559E-006
   2.2550216080102834E-006
   2.2602071204160524E-006
   2.2654607597631316E-006
   2.2708396885541128E-006
   2.2763483087227529E-006
   2.2820127118983724E-006
   2.2877891933480259E-006
   2.2936950605966462E-006
   2.2997813034993251E-006
   2.3060019889623205E-006
   2.3123683232593836E-006
   2.3189002370408798E-006
   2.3256322483829308E-006
   2.3324965799820645E-006
   2.3395584263366187E-006
   2.3468004737188189E-006
   2.3542445082427198E-006
   2.3618225057698142E-006
   2.3696004248946709E-006
   2.3775696330675947E-006
   2.3857757765540429E-006
   2.3941882639184130E-006
   2.4027470297600966E-006
   2.4114570283613236E-006
   2.4204164499513184E-006
   2.4295815278450412E-006
   2.4388980964929206E-006
   2.4484088019143646E-006
   2.4581573893462937E-006
   2.4680100715223823E-006
   2.4780122343287012E-006
   2.4882079079623842E-006
   2.4985901775800837E-006
   2.5090941883071400E-006
   2.5198093477460092E-006
   2.5306826540472049E-006
   2.5417018095611884E-006
   2.5529095397342943E-006
   2.5642510137936608E-006
   2.5757605207778400E-006
   2.5873655452390656E-006
   2.5991069400292057E-006
   2.6110610295505713E-006
   2.6232486953269940E-006
   2.6355998082785306E-006
   2.6482263786516945E-006
   2.6609579207166143E-006
   2.6738153903822980E-006
   2.6869682160715757E-006
   2.7003314554378619E-006
   2.7139507829661255E-006
   2.7277993517643450E-006
   2.7419593649703107E-006
   2.7563938123103516E-006
   2.7712332025046510E-006
   2.7864498344215194E-006
   2.8019419813527841E-006
   2.8181051089358927E-006
   2.8346553656047166E-006
   2.8518032077844150E-006
   2.8696508532720701E-006
   2.8881840955538310E-006
   2.9074890190266051E-006
   2.9275690144153407E-006
   2.9484024483466211E-006
   2.9699804205228498E-006
   2.9926915339267288E-006
   3.0165348329601190E-006
   3.0415580467875000E-006
   3.0677127985661750E-006
   3.0951532025505963E-006
   3.1239119787796747E-006
   3.1539069091190471E-006
   3.1852362108206918E-006
   3.2179012134033276E-006
   3.2519686319676866E-006
   3.2874228341466376E-006
   3.3241606276025673E-006
   3.3625595477919065E-006
   3.4020023574766061E-006
   3.4427638822228073E-006
   3.4846188074906148E-006
   3.5278723137409586E-006
   3.5724817582843644E-006
   3.6179572096004634E-006
   3.6646424238650373E-006
   3.7119039635713763E-006
   3.7601265347223596E-006
   3.8096155043314366E-006
   3.8598837955074641E-006
   3.9116287387116286E-006
   3.9639799598737631E-006
   4.0168258342992886E-006
   4.0707533359461408E-006
   4.1257481637404953E-006
   4.1814534919664880E-006
   4.2379344730313069E-006
   4.2957247708437364E-006
   4.3545926197563363E-006
   4.4142825881564531E-006
   4.4747838291540029E-006
   4.5376433529124748E-006
   4.6012824716066830E-006
   4.6655498504225583E-006
   4.6935943282186692E-006
   4.6978737704750261E-006
   4.6987507684981798E-006
   4.6989538796770431E-006
   4.6990085093856800E-006
   4.7967627493992420E-006
   4.8903160901203779E-006
   4.9803111480018615E-006
   5.0672567456817352E-006
   5.1497730024087734E-006
   5.2258811380115885E-006
   5.2991793013191199E-006
   5.3638374337065101E-006
   5.4240113102679799E-006
   5.4796178302833237E-006
   5.5320798305917354E-006
   5.5801803185892168E-006
   5.6246120464232160E-006
   5.6653815274450163E-006
   5.7028644550180744E-006
   5.7375415766095551E-006
   5.7691201959188089E-006
   5.7981945504757832E-006
   5.8240096347898214E-006
   5.8463789077976199E-006
   5.8674442315062055E-006
   5.8870865370380747E-006
   5.9045194825255011E-006
   5.9206201997261230E-006
   5.9339661117877566E-006
   5.9453858006824951E-006
   5.9564735438647477E-006
   5.9664307037183816E-006
   5.9759639987515902E-006
   5.9851256967869848E-006
   5.9930921313484505E-006
   6.0006503642762724E-006
   6.0074555234812733E-006
   6.0135242935151231E-006
   6.0192551816281851E-006
   6.0240771479261846E-006
   6.0285556277428490E-006
   6.0326264627008597E-006
   6.0361594221423061E-006
   6.0392720682312576E-006
   6.0423643139704757E-006
   6.0450417975970443E-006
   6.0478922203365485E-006
   6.0504004273001458E-006
   6.0526597058082392E-006
   6.0544988925340746E-006
   6.0562129267940682E-006
   6.0578057062493597E-006
   6.0593972769805836E-006
   6.0606913023992365E-006
   6.5909355847389602E-006
   6.5909355847389602E-006
   6.5909355847389602E-006
   6.5909355847389602E-006
   6.5909355847389602E-006
   6.5909355847389602E-006
   6.5909355847389602E-006
   6.5909355847389602E-006
   6.5909355847389602E-006
   6.5909355847389602E-006
   6.5909355847389602E-006
   6.5909355847389602E-006
   6.5909355847389602E-006
   6.5909355847389602E-006
   6.5909355847389602E-006
   6.5909355847389602E-006
   6.5909355847389602E-006
   6.5909355847389602E-006
   6.5909355847389602E-006
   6.5909355847389602E-006
   6.5909355847389602E-006
   6.5909355847389602E-006
   6.5909355847389602E-006
   6.5909355847389602E-006
   6.5909355847389602E-006
   6.5909355847389602E-006
   6.5909355847389602E-006
   6.5909355847389602E-006
   6.5909355847389602E-006
   6.5909355847389602E-006
   6.5909355847389602E-006
   6.5909355847389602E-006
   6.5909355847389602E-006
   6.5909355847389602E-006
   6.5909355847389602E-006
   6.5909355847389602E-006
   6.5909355847389602E-006
   6.5909355847389602E-006
   6.5909355847389602E-006
   6.5909355847389602E-006
   6.5909355847389602E-006
