   1.0049875754614666E-005
   1.0049875754614666E-005
   1.0200352567862279E-005
   1.0361547609985133E-005
   1.0527792115306972E-005
   1.0697700723979141E-005
   1.0870371060471136E-005
   1.1044950567326823E-005
   1.1220730722379275E-005
   1.1397102974999214E-005
   1.1574511156222687E-005
   1.1753767043355033E-005
   1.1935269203465521E-005
   1.2118801516521504E-005
   1.2303667677913590E-005
   1.2489368184944962E-005
   1.2675506216410215E-005
   1.2860857192780870E-005
   1.3044686678477516E-005
   1.3226395328920944E-005
   1.3405529945177937E-005
   1.3581585515530187E-005
   1.3754419247907879E-005
   1.3923566011326308E-005
   1.4088105004291772E-005
   1.4247893497714736E-005
   1.4402446695398903E-005
   1.4551757794176090E-005
   1.4695436195934201E-005
   1.4833390865492631E-005
   1.4965700412751598E-005
   1.5092546295596197E-005
   1.5213797820952039E-005
   1.5329713425408276E-005
   1.5440135451711074E-005
   1.5544970125334712E-005
   1.5644440889565597E-005
   1.5738647909672949E-005
   1.5827909452608836E-005
   1.5912505274756405E-005
   1.5992497272932554E-005
   1.6068445186004346E-005
   1.6140435600771692E-005
   1.6208556233646702E-005
   1.6273095409110732E-005
   1.6334420850604511E-005
   1.6392282628030942E-005
   1.6447433113572737E-005
   1.6499848078931364E-005
   1.6549962662159064E-005
   1.6597149347407654E-005
   1.6642487483958214E-005
   1.6685793264650978E-005
   1.6727180602292139E-005
   1.6767149718163438E-005
   1.6805915039345099E-005
   1.6843516256510971E-005
   1.6880142432328790E-005
   1.6916230108388201E-005
   1.6952081143545540E-005
   1.6987550321327979E-005
   1.7022657877512274E-005
   1.7057525578634561E-005
   1.7092325775862306E-005
   1.7126731078453101E-005
   1.7161029729704532E-005
   1.7194858297265832E-005
   1.7228502300741591E-005
   1.7262006996593241E-005
   1.7295287676441824E-005
   1.7328405116105122E-005
   1.7361213218923598E-005
   1.7393824886310378E-005
   1.7426196410742158E-005
   1.7458279005919718E-005
   1.7490530722159562E-005
   1.7522477607938854E-005
   1.7554331942047551E-005
   1.7585820052433631E-005
   1.7617324003301250E-005
   1.7648658093490907E-005
   1.7679957626761693E-005
   1.7711013942025388E-005
   1.7742076511835750E-005
   1.7772999376549121E-005
   1.7803781172763505E-005
   1.7834459769667138E-005
   1.7865091274807146E-005
   1.7895656152509941E-005
   1.7926173076240545E-005
   1.7956622235516658E-005
   1.7987125240459804E-005
   1.8017484477514249E-005
   1.8047824980778534E-005
   1.8078355641779056E-005
   1.8108612317998731E-005
   1.8139079188986742E-005
   1.8169424282868043E-005
   1.8199871301625589E-005
   1.8230325390183168E-005
   1.8260815127745722E-005
   1.8291448286603109E-005
   1.8322021646727757E-005
   1.8352639106093734E-005
   1.8383587756691495E-005
   1.8414430600683077E-005
   1.8445295148177471E-005
   1.8476338618220402E-005
   1.8507450202696917E-005
   1.8538808081469063E-005
   1.8570484877621923E-005
   1.8602210499996569E-005
   1.8633923978284271E-005
   1.8666045768614946E-005
   1.8698195910896422E-005
   1.8730644669957474E-005
   1.8763310767054214E-005
   1.8796071853241904E-005
   1.8829216341882931E-005
   1.8862756356049420E-005
   1.8896650386230054E-005
   1.8930781793308713E-005
   1.8965199967903048E-005
   1.8999948261582733E-005
   1.9035032131901577E-005
   1.9070586745759532E-005
   1.9106586396841129E-005
   1.9143124366669601E-005
   1.9180092526737722E-005
   1.9217547716097102E-005
   1.9255612466647261E-005
   1.9294113475653203E-005
   1.9333141751602314E-005
   1.9372987371009735E-005
   1.9413355399338795E-005
   1.9454344792042184E-005
   1.9496164507358369E-005
   1.9538772037957935E-005
   1.9582052933996050E-005
   1.9626359348619429E-005
   1.9671418791389044E-005
   1.9717356661661381E-005
   1.9764431548692475E-005
   1.9812565561008185E-005
   1.9862095796032742E-005
   1.9912468948568713E-005
   1.9964108781686615E-005
   2.0016927680965743E-005
   2.0071382964739383E-005
   2.0126620776458192E-005
   2.0183734885992035E-005
   2.0242163294392504E-005
   2.0301912910298362E-005
   2.0363361537779205E-005
   2.0426529455127524E-005
   2.0491377642127846E-005
   2.0557819497275920E-005
   2.0626183043411918E-005
   2.0696028450895251E-005
   2.0767651973092684E-005
   2.0841223374756052E-005
   2.0916429674382799E-005
   2.0993302864801713E-005
   2.1072044132019871E-005
   2.1152519478470294E-005
   2.1234730510111278E-005
   2.1318672256760138E-005
   2.1404112218437674E-005
   2.1491107091312426E-005
   2.1580295558368209E-005
   2.1670801817112008E-005
   2.1762730891030393E-005
   2.1856293917080265E-005
   2.1951726864372823E-005
   2.2048666409014736E-005
   2.2146869596705019E-005
   2.2246145870226153E-005
   2.2347781989352390E-005
   2.2450273768578703E-005
   2.2554622236586574E-005
   2.2660044391736072E-005
   2.2767202701708057E-005
   2.2875757564890217E-005
   2.2986087808158957E-005
   2.3097641565042075E-005
   2.3211317552532648E-005
   2.3326925317848890E-005
   2.3444385314925106E-005
   2.3563803193676477E-005
   2.3685146664676732E-005
   2.3808733633361617E-005
   2.3935321167791174E-005
   2.4064517223194296E-005
   2.4195382214574455E-005
   2.4329920103653133E-005
   2.4467978243209739E-005
   2.4610239894764769E-005
   2.4756510811510056E-005
   2.4907976939706406E-005
   2.5063848433908524E-005
   2.5225824980593574E-005
   2.5394229382930298E-005
   2.5569718454863875E-005
   2.5751613346520326E-005
   2.5942070065579332E-005
   2.6140394783150910E-005
   2.6350202592427657E-005
   2.6569684768472651E-005
   2.6799608929362133E-005
   2.7039707857376101E-005
   2.7291389031110647E-005
   2.7556458476763026E-005
   2.7837377798277503E-005
   2.8131611532251757E-005
   2.8439313639036664E-005
   2.8760167130646680E-005
   2.9097528583090461E-005
   2.9451990050367328E-005
   2.9820885623548132E-005
   3.0205783563057618E-005
   3.0608447569998759E-005
   3.1026768307154582E-005
   3.1464521135430527E-005
   3.1918742709348329E-005
   3.2393180087791609E-005
   3.2888711267283129E-005
   3.3408011073598855E-005
   3.3951333638693869E-005
   3.4521171758637908E-005
   3.5122605451585921E-005
   3.5762187559345402E-005
   3.6450035208879044E-005
   3.7197686686084381E-005
   3.8019837040386300E-005
   3.8950444438084992E-005
   4.0030796028284760E-005
   4.1352671095928008E-005
   4.3082106978046984E-005
   4.5655096130530825E-005
   4.9865080974846245E-005
   5.2198910868615638E-005
   5.2578542811587749E-005
   5.2644421135716224E-005
   5.2655354847781065E-005
   5.2657339952114128E-005
   5.2657799208639692E-005
   5.2657902280949602E-005
   5.2657930662973343E-005
   5.2657938802234235E-005
   5.2657940834064587E-005
   5.4276287688143219E-005
   5.5086262051911143E-005
   5.5630030272020609E-005
   5.5990195074387868E-005
   5.6215218220064411E-005
   5.6352046530896044E-005
   5.6449239507483583E-005
   5.6517435863226223E-005
   5.6556167220325259E-005
   5.6586319251625959E-005
   5.6609689557520119E-005
   5.6628422179399683E-005
   5.6641387008416594E-005
   5.6654003916121696E-005
   5.6663039937141731E-005
   5.6668173600991703E-005
   5.6672696165275291E-005
   5.6675996633846931E-005
   5.6678859561276379E-005
   5.6681129876294352E-005
   5.6682685350657936E-005
   5.6683960964300646E-005
   5.6685149948610945E-005
   5.6686367990816847E-005
   5.6687522206215412E-005
   5.6688261162354563E-005
   5.6689020219331308E-005
   5.6689791371138798E-005
   5.6690409766373977E-005
   5.6691015243316480E-005
   5.6691665285700902E-005
   5.6692057790903545E-005
   5.6692513799563691E-005
   5.6692818555611366E-005
   5.6693113735065380E-005
   5.6693433057018259E-005
   5.6693730932612126E-005
   5.6694019844085457E-005
   5.6694289227616164E-005
   5.6694579288722659E-005
   5.6694798950365288E-005
   5.6695041878000184E-005
   5.6695385309454270E-005
   5.6695632574608931E-005
   5.6695737833150560E-005
   5.6695851685230802E-005
   5.6695986371856729E-005
   5.6696242120239148E-005
   5.6696419380950629E-005
   5.6696603061769637E-005
   5.7067742528403409E-005
   5.7067742528403409E-005
   5.7067742528403409E-005
   5.7067742528403409E-005
   5.7067742528403409E-005
   5.7067742528403409E-005
   5.7067742528403409E-005
   5.7067742528403409E-005
   5.7067742528403409E-005
   5.7067742528403409E-005
   5.7067742528403409E-005
   5.7067742528403409E-005
   5.7067742528403409E-005
   5.7067742528403409E-005
   5.7067742528403409E-005
   5.7067742528403409E-005
   5.7067742528403409E-005
   5.7067742528403409E-005
   5.7067742528403409E-005
   5.7067742528403409E-005
   5.7067742528403409E-005
   5.7067742528403409E-005
   5.7067742528403409E-005
   5.7067742528403409E-005
   5.7067742528403409E-005
   5.7067742528403409E-005
   5.7067742528403409E-005
   5.7067742528403409E-005
   5.7067742528403409E-005
   5.7067742528403409E-005
   5.7067742528403409E-005
   5.7067742528403409E-005
   5.7067742528403409E-005
   5.7067742528403409E-005
   5.7067742528403409E-005
   5.7067742528403409E-005
   5.7067742528403409E-005
   5.7067742528403409E-005
   5.7067742528403409E-005
   5.7067742528403409E-005
   5.7067742528403409E-005
   5.7067742528403409E-005
   5.7067742528403409E-005
   5.7067742528403409E-005
   5.7067742528403409E-005
   5.7067742528403409E-005
   5.7067742528403409E-005
   5.7067742528403409E-005
   5.7067742528403409E-005
   5.7067742528403409E-005
   5.7067742528403409E-005
   5.7067742528403409E-005
   5.7067742528403409E-005
   5.7067742528403409E-005
   5.7067742528403409E-005
   5.7067742528403409E-005
   5.7067742528403409E-005
   5.7067742528403409E-005
   5.7067742528403409E-005
   5.7067742528403409E-005
   5.7067742528403409E-005
   5.7067742528403409E-005
   5.7067742528403409E-005
   5.7067742528403409E-005
   5.7067742528403409E-005
   5.7067742528403409E-005
   5.7067742528403409E-005
   5.7067742528403409E-005
   5.7067742528403409E-005
   5.7067742528403409E-005
   5.7067742528403409E-005
   5.7067742528403409E-005
   5.7067742528403409E-005
   5.7067742528403409E-005
   5.7067742528403409E-005
   5.7067742528403409E-005
   5.7067742528403409E-005
   5.7067742528403409E-005
   5.7067742528403409E-005
   5.7067742528403409E-005
   5.7067742528403409E-005
   5.7067742528403409E-005
   5.7067742528403409E-005
   5.7067742528403409E-005
   5.7067742528403409E-005
   5.7067742528403409E-005
   5.7067742528403409E-005
   5.7067742528403409E-005
   5.7067742528403409E-005
   5.7067742528403409E-005
   5.7067742528403409E-005
   5.7067742528403409E-005
   5.7067742528403409E-005
   5.7067742528403409E-005
   5.7067742528403409E-005
   5.7067742528403409E-005
   5.7067742528403409E-005
   5.7067742528403409E-005
   5.7067742528403409E-005
   5.7067742528403409E-005
   5.7067742528403409E-005
   5.7067742528403409E-005
   5.7067742528403409E-005
   5.7067742528403409E-005
   5.7067742528403409E-005
   5.7067742528403409E-005
   5.7067742528403409E-005
   5.7067742528403409E-005
   5.7067742528403409E-005
   5.7067742528403409E-005
   5.7067742528403409E-005
   5.7067742528403409E-005
   5.7067742528403409E-005
   5.7067742528403409E-005
   5.7067742528403409E-005
   5.7067742528403409E-005
   5.7067742528403409E-005
   5.7067742528403409E-005
   5.7067742528403409E-005
   5.7067742528403409E-005
   5.7067742528403409E-005
   5.7067742528403409E-005
   5.7067742528403409E-005
   5.7067742528403409E-005
   5.7067742528403409E-005
   5.7067742528403409E-005
   5.7067742528403409E-005
   5.7067742528403409E-005
   5.7067742528403409E-005
   5.7067742528403409E-005
   5.7067742528403409E-005
   5.7067742528403409E-005
   5.7067742528403409E-005
   5.7067742528403409E-005
   5.7067742528403409E-005
   5.7067742528403409E-005
   5.7067742528403409E-005
   5.7067742528403409E-005
   5.7067742528403409E-005
   5.7067742528403409E-005
   5.7067742528403409E-005
   5.7067742528403409E-005
   5.7067742528403409E-005
   5.7067742528403409E-005
   5.7067742528403409E-005
   5.7067742528403409E-005
   5.7067742528403409E-005
   5.7067742528403409E-005
   5.7067742528403409E-005
   5.7067742528403409E-005
   5.7067742528403409E-005
   5.7067742528403409E-005
   5.7067742528403409E-005
   5.7067742528403409E-005
   5.7067742528403409E-005
   5.7067742528403409E-005
   5.7067742528403409E-005
   5.7067742528403409E-005
   5.7067742528403409E-005
   5.7067742528403409E-005
   5.7067742528403409E-005
   5.7067742528403409E-005
   5.7067742528403409E-005
   5.7067742528403409E-005
   5.7067742528403409E-005
   5.7067742528403409E-005
   5.7067742528403409E-005
   5.7067742528403409E-005
   5.7067742528403409E-005
   5.7067742528403409E-005
   5.7067742528403409E-005
   5.7067742528403409E-005
   5.7067742528403409E-005
   5.7067742528403409E-005
   5.7067742528403409E-005
   5.7067742528403409E-005
   5.7067742528403409E-005
   5.7067742528403409E-005
   5.7067742528403409E-005
   5.7067742528403409E-005
   5.7067742528403409E-005
   5.7067742528403409E-005
   5.7067742528403409E-005
   5.7067742528403409E-005
   5.7067742528403409E-005
   5.7067742528403409E-005
   5.7067742528403409E-005
   5.7067742528403409E-005
   5.7067742528403409E-005
   5.7067742528403409E-005
   5.7067742528403409E-005
   5.7067742528403409E-005
   5.7067742528403409E-005
   5.7067742528403409E-005
   5.7067742528403409E-005
   5.7067742528403409E-005
   5.7067742528403409E-005
   5.7067742528403409E-005
   5.7067742528403409E-005
   5.7067742528403409E-005
   5.7067742528403409E-005
   5.7067742528403409E-005
   5.7067742528403409E-005
   5.7067742528403409E-005
   5.7067742528403409E-005
   5.7067742528403409E-005
   5.7067742528403409E-005
   5.7067742528403409E-005
   5.7067742528403409E-005
   5.7067742528403409E-005
   5.7067742528403409E-005
   5.7067742528403409E-005
   5.7067742528403409E-005
   5.7067742528403409E-005
   5.7067742528403409E-005
   5.7067742528403409E-005
   5.7067742528403409E-005
   5.7067742528403409E-005
   5.7067742528403409E-005
   5.7067742528403409E-005
   5.7067742528403409E-005
   5.7067742528403409E-005
   5.7067742528403409E-005
   5.7067742528403409E-005
   5.7067742528403409E-005
   5.7067742528403409E-005
   5.7067742528403409E-005
   5.7067742528403409E-005
   5.7067742528403409E-005
   5.7067742528403409E-005
   5.7067742528403409E-005
   5.7067742528403409E-005
   5.7067742528403409E-005
   5.7067742528403409E-005
   5.7067742528403409E-005
   5.7067742528403409E-005
   5.7067742528403409E-005
   5.7067742528403409E-005
   5.7067742528403409E-005
   5.7067742528403409E-005
   5.7067742528403409E-005
   5.7067742528403409E-005
   5.7067742528403409E-005
   5.7067742528403409E-005
   5.7067742528403409E-005
   5.7067742528403409E-005
   5.7067742528403409E-005
   5.7067742528403409E-005
   5.7067742528403409E-005
   5.7067742528403409E-005
   5.7067742528403409E-005
   5.7067742528403409E-005
   5.7067742528403409E-005
   5.7067742528403409E-005
   5.7067742528403409E-005
   5.7067742528403409E-005
   5.7067742528403409E-005
   5.7067742528403409E-005
   5.7067742528403409E-005
   5.7067742528403409E-005
   5.7067742528403409E-005
   5.7067742528403409E-005
   5.7067742528403409E-005
   5.7067742528403409E-005
   5.7067742528403409E-005
   5.7067742528403409E-005
   5.7067742528403409E-005
   5.7067742528403409E-005
   5.7067742528403409E-005
   5.7067742528403409E-005
   5.7067742528403409E-005
   5.7067742528403409E-005
   5.7067742528403409E-005
   5.7067742528403409E-005
   5.7067742528403409E-005
   5.7067742528403409E-005
   5.7067742528403409E-005
   5.7067742528403409E-005
   5.7067742528403409E-005
   5.7067742528403409E-005
   5.7067742528403409E-005
   5.7067742528403409E-005
   5.7067742528403409E-005
   5.7067742528403409E-005
   5.7067742528403409E-005
   5.7067742528403409E-005
   5.7067742528403409E-005
   5.7067742528403409E-005
   5.7067742528403409E-005
   5.7067742528403409E-005
   5.7067742528403409E-005
   5.7067742528403409E-005
   5.7067742528403409E-005
   5.7067742528403409E-005
   5.7067742528403409E-005
   5.7067742528403409E-005
   5.7067742528403409E-005
   5.7067742528403409E-005
   5.7067742528403409E-005
   5.7067742528403409E-005
   5.7067742528403409E-005
