   4.0632770917336937E-006   0.0000000000000000     
   5.4143208974803480E-006   0.0000000000000000     
   7.2145881560798296E-006   0.0000000000000000     
   9.6134461269316134E-006   0.0000000000000000     
   1.2809926836576842E-005   0.0000000000000000     
   1.7069240664775704E-005   0.0000000000000000     
   2.2744780714914024E-005   0.0000000000000000     
   3.0307443660167218E-005   0.0000000000000000     
   4.0384699801124538E-005   0.0000000000000000     
   5.3812653957696100E-005   0.0000000000000000     
   7.1705416661042262E-005   0.0000000000000000     
   9.5547541338059853E-005   0.0000000000000000     
   1.2731719695463739E-004   0.0000000000000000     
   1.6965029568928388E-004   0.0000000000000000     
   2.2605919322678841E-004   0.0000000000000000     
   3.0122410712411389E-004   0.0000000000000000     
   4.0138143208222029E-004   0.0000000000000000     
   5.3484117044454453E-004   0.0000000000000000     
   7.1267640886759774E-004   0.0000000000000000     
   9.4964204669258610E-004   0.0000000000000000     
   1.2653990024440751E-003   0.0000000000000000     
   1.6861454702466480E-003   0.0000000000000000     
   2.2467905706753093E-003   0.0000000000000000     
   2.9938507427458520E-003   0.0000000000000000     
   3.9893091892164532E-003   0.0000000000000000     
   5.3157585914154655E-003   4.1801811249915024E-011
   7.0832537820307165E-003   3.0594276847450924E-010
   9.4384429386385402E-003   1.7394174142799556E-009
   1.2576734908458401E-002   7.1825132024259156E-009
   1.6758512181083561E-002   1.9661022822177924E-008
   2.2330734691294457E-002   6.3324251471964722E-008
   2.9755726908493374E-002   1.8845426835954716E-007
   3.9649536662938696E-002   4.9792662633774428E-007
   5.2833048321094415E-002   1.2577356527435367E-006
   7.0400091144273494E-002   2.4688676843515609E-006
   9.3808193746473298E-002   3.4697953305805729E-006
  0.12499951450264123        2.9235172480846130E-006
  0.16656198144187623        1.3120100698968136E-006
  0.22194401132060174        5.0205501469856734E-007
  0.29574062300807191        2.7780765285185434E-007
  0.39407468386638045        1.8115532007685983E-007
  0.52510492094334005        1.2993604724881481E-007
  0.69970284640869074        9.7396289325582362E-008
  0.93235476139301110        7.6331343636847913E-008
   1.2423636770293720        6.3684590768427680E-008
   1.6554508754756401        5.3666397587029034E-008
   2.2058899916214054        4.6084729378493359E-008
   2.9393506791540505        4.0995636138425342E-008
   3.9166877985120356        3.6430181549568400E-008
   5.2189905137239574        3.2767792541994445E-008
   6.9543102191316919        3.0004462069100409E-008
   9.2666255086581764        2.7919236440574224E-008
   12.347788006563231        2.5787420460550845E-008
   16.453440199193327        2.4475618991404963E-008
   21.924225962134859        2.2866802606487113E-008
   29.214053609427793        2.2177301123208252E-008
   38.927756435667369        2.1002295785123911E-008
   51.871275427029779        2.0447356073326069E-008
   69.118527775248495        1.9600472511974227E-008
   92.100509241157710        1.8638688403773240E-008
   122.72402314561722        1.8611381166648805E-008
   163.52988687184671        1.7926055416979092E-008
   217.90374219225566        1.7718390474953207E-008
   290.35696024543336        1.7412547291569645E-008
   386.90094770646141        1.7389336009583055E-008
   515.54591014324524        1.7276464030799380E-008
   686.96545470102581        1.7175563082563326E-008
   915.38217386199983        1.7089420270948763E-008
   1219.7476867144562        1.7118583062565737E-008
   1625.3150451557306        1.7382725573165198E-008
   2165.7339667724109        1.7330728774014417E-008
   2885.8427348048995        1.7576866504959796E-008
   3845.3884077173038        1.7592138884227273E-008
   5123.9840022697272        1.7995242794704226E-008
   6827.7139450528530        1.8455930468706860E-008
   9097.9358434412316        1.8766110741936950E-008
   12123.008854427359        1.9311141882448611E-008
   16153.921748137405        1.9924672280860660E-008
   21525.117318515084        2.0018058754499607E-008
   28682.240931943441        2.1217369499801918E-008
   38219.115496779355        2.1960507762576042E-008
   50927.010648229239        2.2434644044440339E-008
   67860.293987792626        2.3704409589996845E-008
   90423.911427241081        2.4570241698439891E-008
   120489.95483680644        2.5728286816060273E-008
   160552.98855610055        2.6826876141833807E-008
   213937.02212942563        2.8358501845338020E-008
   285071.30168812518        2.9634924269015923E-008
   379857.80225078925        3.1236697342149082E-008
   506160.91159066890        3.3063399305632259E-008
   674459.93449188024        3.5232573148081842E-008
   898718.55534088297        3.7774791417327907E-008
   1197543.3979225161        3.9825744928885989E-008
   1595727.8075379776        4.2578293245204898E-008
   2126308.9422624172        4.5240653140808567E-008
   2833308.8491581711        4.7268961474172103E-008
   3775386.9511438375        4.6553369037234703E-008
   5030706.9894982167        4.1563868593319830E-008
   6703422.2297448562        2.7675717875388859E-008
   8932317.0051531065        1.3229933635968359E-008
   11902321.582327656        3.5291419872284007E-009
   15859855.731431743        5.5422945616517251E-010
   21133274.049266435        3.1401024120508059E-011
   28160109.373269815        9.0139939242652327E-014
   37523374.658648446        9.3426889200540297E-019
   49999935.266935006        2.0081787334356918E-021
   66624965.090166502        3.1505897155654187E-032
   88777834.402544782        2.4157596384803370E-037
   118296555.51097512        0.0000000000000000     
   157630281.70193860        0.0000000000000000     
   210042512.24480730        0.0000000000000000     
   279881863.26744068        0.0000000000000000     
   372942870.22598165        0.0000000000000000     
   496946757.56638557        0.0000000000000000     
   662182064.79213011        0.0000000000000000     
   882358281.35732234        0.0000000000000000     
   1175743316.0383906        0.0000000000000000     
   1566679176.0399857        0.0000000000000000     
   2087601610.9601123        0.0000000000000000     
   2781731290.4477043        0.0000000000000000     
   3706659801.1950464        0.0000000000000000     
   4939127991.6127462        0.0000000000000000     
   6581393121.0162392        0.0000000000000000     
   8769713092.4555302        0.0000000000000000     
   11685651701.673561        0.0000000000000000     
   15571142892.953049        0.0000000000000000     
   20748563895.502522        0.0000000000000000     
   27647482698.304775        0.0000000000000000     
   36840299087.820259        0.0000000000000000     
   49089736367.328346        0.0000000000000000     
   65412124121.720345        0.0000000000000000     
   87161722566.574142        0.0000000000000000     
   116143084829.89278        0.0000000000000000     
   154760779807.90973        0.0000000000000000     
   206218898024.20560        0.0000000000000000     
   274786893391.86261        0.0000000000000000     
   366153817634.54041        0.0000000000000000     
   487900338016.33582        0.0000000000000000     
   650127701451.55261        0.0000000000000000     
   866295829826.88269        0.0000000000000000     
