   1.4142135718596092E-006
   1.4142135718596092E-006
   1.4569069654286422E-006
   1.5060314599355535E-006
   1.5609705736527690E-006
   1.6218811001716416E-006
   1.6888745655119941E-006
   1.7621312902812222E-006
   1.8416066906702258E-006
   1.9272188222265583E-006
   2.0188825833843627E-006
   2.1162145591661088E-006
   2.2189149437206812E-006
   2.3267033715986614E-006
   2.4391614691347779E-006
   2.5557549145380195E-006
   2.6761218249109620E-006
   2.7996686758880099E-006
   2.9254785012935999E-006
   3.0531841223093670E-006
   3.1822607949991252E-006
   3.3123164742369099E-006
   3.4429888048491716E-006
   3.5736422454482420E-006
   3.7038560977315609E-006
   3.8336830304598176E-006
   3.9621334510665718E-006
   4.0889737209575289E-006
   4.2140611555773265E-006
   4.3369851979725121E-006
   4.4573867207494734E-006
   4.5751785801139798E-006
   4.6901638008625137E-006
   4.8020240917018881E-006
   4.9105094333753453E-006
   5.0154261372623809E-006
   5.1166606690005387E-006
   5.2136290960377599E-006
   5.3058681712915159E-006
   5.3935518926378165E-006
   5.4763231116114571E-006
   5.5541749471664707E-006
   5.6270527716446867E-006
   5.6949699349655321E-006
   5.7581732031034757E-006
   5.8165497133056844E-006
   5.8701299354799812E-006
   5.9195196872848730E-006
   5.9642520019438002E-006
   6.0047573249510133E-006
   6.0415646249454568E-006
   6.0744860792137225E-006
   6.1033528733520950E-006
   6.1295149714552367E-006
   6.1530863250783919E-006
   6.1738385814508292E-006
   6.1926813060363747E-006
   6.2104531514993184E-006
   6.2267917006227558E-006
   6.2420559303515051E-006
   6.2567514170251817E-006
   6.2711151982199315E-006
   6.2851853274985901E-006
   6.2987972630853958E-006
   6.3122056709718821E-006
   6.3254414075641489E-006
   6.3385628476014427E-006
   6.3516294756663936E-006
   6.3646338189936625E-006
   6.3775520517477009E-006
   6.3903687760114579E-006
   6.4032456870432692E-006
   6.4160064612361245E-006
   6.4286414058513061E-006
   6.4413850470439512E-006
   6.4540359920071503E-006
   6.4665893228352576E-006
   6.4791076260961940E-006
   6.4915508812626376E-006
   6.5039705756156206E-006
   6.5163579637822613E-006
   6.5287684635665063E-006
   6.5411295492391711E-006
   6.5534215683946683E-006
   6.5657644147483474E-006
   6.5779425340390597E-006
   6.5901415644568906E-006
   6.6023371515702464E-006
   6.6145580509771290E-006
   6.6266566809875489E-006
   6.6387680401837307E-006
   6.6508512419743909E-006
   6.6629561756297118E-006
   6.6750582794413277E-006
   6.6870983980651548E-006
   6.6991784113064793E-006
   6.7112751155293143E-006
   6.7233848861842164E-006
   6.7354339314451288E-006
   6.7475241577385116E-006
   6.7596997517668353E-006
   6.7718371109554992E-006
   6.7839861742348897E-006
   6.7961787305948661E-006
   6.8083184627655356E-006
   6.8206406163542846E-006
   6.8329457362927923E-006
   6.8452919359355212E-006
   6.8576525395382982E-006
   6.8700903077023819E-006
   6.8826555177783094E-006
   6.8953158140183279E-006
   6.9080341078539116E-006
   6.9208517870327266E-006
   6.9337755103622335E-006
   6.9467007909610440E-006
   6.9597517091410927E-006
   6.9729874503293459E-006
   6.9863094402601161E-006
   6.9997734775296536E-006
   7.0134034524154560E-006
   7.0271328139932719E-006
   7.0409914741858443E-006
   7.0550293335784648E-006
   7.0693182347420526E-006
   7.0837544721549298E-006
   7.0983667006644249E-006
   7.1131229359786233E-006
   7.1280967617314731E-006
   7.1433873430620380E-006
   7.1589425053257516E-006
   7.1747073938925840E-006
   7.1906834048425055E-006
   7.2070300127372683E-006
   7.2236879757453679E-006
   7.2407324353266710E-006
   7.2580284441376124E-006
   7.2758152216816886E-006
   7.2939976559510008E-006
   7.3124093724112118E-006
   7.3312722293985853E-006
   7.3504921591412591E-006
   7.3703324795394483E-006
   7.3906714130713911E-006
   7.4114382760687980E-006
   7.4327132561955679E-006
   7.4546195785750255E-006
   7.4770832809027612E-006
   7.5001366453960068E-006
   7.5237347381886402E-006
   7.5479962833995528E-006
   7.5728083248844251E-006
   7.5982713295866231E-006
   7.6246260980906607E-006
   7.6515521077957338E-006
   7.6791554618981956E-006
   7.7073602072455814E-006
   7.7361151498217796E-006
   7.7656786615556397E-006
   7.7958654031198731E-006
   7.8267440044643967E-006
   7.8580874369443934E-006
   7.8901802324230757E-006
   7.9228590446037618E-006
   7.9562475738687473E-006
   7.9903720419506830E-006
   8.0248900795676520E-006
   8.0602384667547088E-006
   8.0959993869631080E-006
   8.1323054835047517E-006
   8.1692768781519578E-006
   8.2066272257992708E-006
   8.2446709655459911E-006
   8.2833169781670793E-006
   8.3225017115050530E-006
   8.3620389913537102E-006
   8.4023122319456970E-006
   8.4428775240928834E-006
   8.4843411522826138E-006
   8.5263758585745862E-006
   8.5694979192459145E-006
   8.6129183548443830E-006
   8.6571486312768218E-006
   8.7022219758188743E-006
   8.7483962859492782E-006
   8.7954348394448587E-006
   8.8439179404208403E-006
   8.8929663618441518E-006
   8.9437369038144977E-006
   8.9954691670598498E-006
   9.0485028444225682E-006
   9.1035681552258734E-006
   9.1603420361051733E-006
   9.2198326180510038E-006
   9.2811949027526893E-006
   9.3449431807962453E-006
   9.4118308300490666E-006
   9.4815669559431099E-006
   9.5545578110980546E-006
   9.6307948783565878E-006
   9.7111391527735569E-006
   9.7960893278379282E-006
   9.8854094142833078E-006
   9.9785685331674556E-006
   1.0077250491059483E-005
   1.0180748814359348E-005
   1.0290290836271646E-005
   1.0405504105947162E-005
   1.0525274776869372E-005
   1.0650823570250940E-005
   1.0782513007959002E-005
   1.0919091750990342E-005
   1.1060929336658200E-005
   1.1208320237330626E-005
   1.1361255373490597E-005
   1.1520113835123487E-005
   1.1684961723677854E-005
   1.1856289391643859E-005
   1.2032355047062483E-005
   1.2215802012655255E-005
   1.2404746102110587E-005
   1.2599854610361424E-005
   1.2801525475986608E-005
   1.3009893851617686E-005
   1.3227772160831147E-005
   1.3452231726703538E-005
   1.3685695610574266E-005
   1.3926898775691880E-005
   1.4183095337632308E-005
   1.4453461366852041E-005
   1.4741842774014521E-005
   1.5045689506438440E-005
   1.5374753858935809E-005
   1.5731923257659366E-005
   1.6129853979440464E-005
   1.6578031735697742E-005
   1.6934463023033496E-005
   1.7073922339791884E-005
   1.7141084774236297E-005
   1.7168891814221696E-005
   1.7183113603788931E-005
   1.7189873122431696E-005
   1.7193676139350830E-005
   1.7195636837378774E-005
   1.7196787530928544E-005
   1.7197380722505871E-005
   1.7197724439358635E-005
   1.7197943836898961E-005
   1.7198060381811229E-005
   1.7198122679047554E-005
   1.7198154925993967E-005
   1.7198178454460976E-005
   1.7349902204696134E-005
   1.7492960753485718E-005
   1.7628823135614358E-005
   1.7753295489134461E-005
   1.7872897141593702E-005
   1.7979006846165540E-005
   1.8078733708707612E-005
   1.8174051154390530E-005
   1.8258365713154317E-005
   1.8329587670911815E-005
   1.8394519150734873E-005
   1.8455250842572220E-005
   1.8506115424821938E-005
   1.8555093242868299E-005
   1.8599421413051067E-005
   1.8640633166214393E-005
   1.8679466147768564E-005
   1.8712360704395284E-005
   1.8741301032159916E-005
   1.8766992639085701E-005
   1.8791574837434709E-005
   1.8814280763616481E-005
   1.8832116829942881E-005
   1.8848704060907282E-005
   1.8864541703543063E-005
   1.8878814575514711E-005
   1.8890818166230227E-005
   1.8902050729664037E-005
   1.8913195997950725E-005
   1.8923626106060123E-005
   1.8932059648114130E-005
   1.8940242401185707E-005
   1.8946238532518656E-005
   1.8952893558617219E-005
   1.8959025303369510E-005
   1.8964756047523313E-005
   1.8969915009772304E-005
   1.8974224859498288E-005
   1.8978518565144574E-005
   1.8982191308639241E-005
   1.8985099453609084E-005
   1.8988406349199760E-005
   1.8991214962909745E-005
   1.8993953044512408E-005
   1.8995466492816517E-005
   1.8997451549032179E-005
   1.8999319090454491E-005
   1.9001239904331362E-005
   2.1246775539233557E-005
   2.1246775539233557E-005
   2.1246775539233557E-005
   2.1246775539233557E-005
   2.1246775539233557E-005
   2.1246775539233557E-005
   2.1246775539233557E-005
   2.1246775539233557E-005
   2.1246775539233557E-005
   2.1246775539233557E-005
   2.1246775539233557E-005
   2.1246775539233557E-005
   2.1246775539233557E-005
   2.1246775539233557E-005
   2.1246775539233557E-005
   2.1246775539233557E-005
   2.1246775539233557E-005
   2.1246775539233557E-005
   2.1246775539233557E-005
   2.1246775539233557E-005
   2.1246775539233557E-005
   2.1246775539233557E-005
   2.1246775539233557E-005
   2.1246775539233557E-005
   2.1246775539233557E-005
   2.1246775539233557E-005
   2.1246775539233557E-005
   2.1246775539233557E-005
   2.1246775539233557E-005
   2.1246775539233557E-005
   2.1246775539233557E-005
   2.1246775539233557E-005
   2.1246775539233557E-005
   2.1246775539233557E-005
   2.1246775539233557E-005
   2.1246775539233557E-005
   2.1246775539233557E-005
   2.1246775539233557E-005
   2.1246775539233557E-005
   2.1246775539233557E-005
   2.1246775539233557E-005
   2.1246775539233557E-005
   2.1246775539233557E-005
   2.1246775539233557E-005
   2.1246775539233557E-005
   2.1246775539233557E-005
   2.1246775539233557E-005
   2.1246775539233557E-005
   2.1246775539233557E-005
   2.1246775539233557E-005
   2.1246775539233557E-005
   2.1246775539233557E-005
   2.1246775539233557E-005
   2.1246775539233557E-005
   2.1246775539233557E-005
   2.1246775539233557E-005
   2.1246775539233557E-005
   2.1246775539233557E-005
   2.1246775539233557E-005
   2.1246775539233557E-005
   2.1246775539233557E-005
   2.1246775539233557E-005
   2.1246775539233557E-005
   2.1246775539233557E-005
   2.1246775539233557E-005
   2.1246775539233557E-005
   2.1246775539233557E-005
   2.1246775539233557E-005
   2.1246775539233557E-005
   2.1246775539233557E-005
   2.1246775539233557E-005
   2.1246775539233557E-005
   2.1246775539233557E-005
   2.1246775539233557E-005
   2.1246775539233557E-005
   2.1246775539233557E-005
   2.1246775539233557E-005
   2.1246775539233557E-005
   2.1246775539233557E-005
   2.1246775539233557E-005
   2.1246775539233557E-005
   2.1246775539233557E-005
   2.1246775539233557E-005
   2.1246775539233557E-005
   2.1246775539233557E-005
   2.1246775539233557E-005
   2.1246775539233557E-005
   2.1246775539233557E-005
   2.1246775539233557E-005
   2.1246775539233557E-005
   2.1246775539233557E-005
   2.1246775539233557E-005
   2.1246775539233557E-005
   2.1246775539233557E-005
   2.1246775539233557E-005
   2.1246775539233557E-005
   2.1246775539233557E-005
   2.1246775539233557E-005
   2.1246775539233557E-005
   2.1246775539233557E-005
   2.1246775539233557E-005
   2.1246775539233557E-005
   2.1246775539233557E-005
   2.1246775539233557E-005
   2.1246775539233557E-005
   2.1246775539233557E-005
   2.1246775539233557E-005
   2.1246775539233557E-005
   2.1246775539233557E-005
   2.1246775539233557E-005
   2.1246775539233557E-005
   2.1246775539233557E-005
   2.1246775539233557E-005
   2.1246775539233557E-005
   2.1246775539233557E-005
   2.1246775539233557E-005
   2.1246775539233557E-005
   2.1246775539233557E-005
   2.1246775539233557E-005
   2.1246775539233557E-005
   2.1246775539233557E-005
   2.1246775539233557E-005
   2.1246775539233557E-005
   2.1246775539233557E-005
   2.1246775539233557E-005
   2.1246775539233557E-005
   2.1246775539233557E-005
   2.1246775539233557E-005
   2.1246775539233557E-005
   2.1246775539233557E-005
   2.1246775539233557E-005
   2.1246775539233557E-005
   2.1246775539233557E-005
   2.1246775539233557E-005
   2.1246775539233557E-005
   2.1246775539233557E-005
   2.1246775539233557E-005
   2.1246775539233557E-005
   2.1246775539233557E-005
   2.1246775539233557E-005
   2.1246775539233557E-005
   2.1246775539233557E-005
   2.1246775539233557E-005
   2.1246775539233557E-005
   2.1246775539233557E-005
   2.1246775539233557E-005
   2.1246775539233557E-005
   2.1246775539233557E-005
   2.1246775539233557E-005
   2.1246775539233557E-005
   2.1246775539233557E-005
   2.1246775539233557E-005
   2.1246775539233557E-005
   2.1246775539233557E-005
   2.1246775539233557E-005
   2.1246775539233557E-005
   2.1246775539233557E-005
   2.1246775539233557E-005
   2.1246775539233557E-005
   2.1246775539233557E-005
   2.1246775539233557E-005
   2.1246775539233557E-005
   2.1246775539233557E-005
   2.1246775539233557E-005
   2.1246775539233557E-005
   2.1246775539233557E-005
   2.1246775539233557E-005
   2.1246775539233557E-005
   2.1246775539233557E-005
   2.1246775539233557E-005
   2.1246775539233557E-005
   2.1246775539233557E-005
   2.1246775539233557E-005
   2.1246775539233557E-005
   2.1246775539233557E-005
   2.1246775539233557E-005
   2.1246775539233557E-005
   2.1246775539233557E-005
   2.1246775539233557E-005
   2.1246775539233557E-005
   2.1246775539233557E-005
   2.1246775539233557E-005
   2.1246775539233557E-005
   2.1246775539233557E-005
   2.1246775539233557E-005
   2.1246775539233557E-005
   2.1246775539233557E-005
   2.1246775539233557E-005
   2.1246775539233557E-005
   2.1246775539233557E-005
   2.1246775539233557E-005
   2.1246775539233557E-005
   2.1246775539233557E-005
   2.1246775539233557E-005
   2.1246775539233557E-005
   2.1246775539233557E-005
   2.1246775539233557E-005
   2.1246775539233557E-005
   2.1246775539233557E-005
   2.1246775539233557E-005
   2.1246775539233557E-005
   2.1246775539233557E-005
   2.1246775539233557E-005
   2.1246775539233557E-005
   2.1246775539233557E-005
   2.1246775539233557E-005
   2.1246775539233557E-005
   2.1246775539233557E-005
   2.1246775539233557E-005
   2.1246775539233557E-005
   2.1246775539233557E-005
   2.1246775539233557E-005
   2.1246775539233557E-005
   2.1246775539233557E-005
   2.1246775539233557E-005
   2.1246775539233557E-005
   2.1246775539233557E-005
   2.1246775539233557E-005
   2.1246775539233557E-005
   2.1246775539233557E-005
   2.1246775539233557E-005
   2.1246775539233557E-005
   2.1246775539233557E-005
   2.1246775539233557E-005
   2.1246775539233557E-005
   2.1246775539233557E-005
   2.1246775539233557E-005
   2.1246775539233557E-005
   2.1246775539233557E-005
   2.1246775539233557E-005
   2.1246775539233557E-005
   2.1246775539233557E-005
   2.1246775539233557E-005
   2.1246775539233557E-005
   2.1246775539233557E-005
   2.1246775539233557E-005
   2.1246775539233557E-005
   2.1246775539233557E-005
   2.1246775539233557E-005
   2.1246775539233557E-005
   2.1246775539233557E-005
   2.1246775539233557E-005
   2.1246775539233557E-005
   2.1246775539233557E-005
   2.1246775539233557E-005
   2.1246775539233557E-005
   2.1246775539233557E-005
   2.1246775539233557E-005
   2.1246775539233557E-005
   2.1246775539233557E-005
   2.1246775539233557E-005
   2.1246775539233557E-005
   2.1246775539233557E-005
   2.1246775539233557E-005
   2.1246775539233557E-005
   2.1246775539233557E-005
   2.1246775539233557E-005
   2.1246775539233557E-005
   2.1246775539233557E-005
   2.1246775539233557E-005
   2.1246775539233557E-005
   2.1246775539233557E-005
   2.1246775539233557E-005
   2.1246775539233557E-005
   2.1246775539233557E-005
   2.1246775539233557E-005
   2.1246775539233557E-005
   2.1246775539233557E-005
   2.1246775539233557E-005
   2.1246775539233557E-005
   2.1246775539233557E-005
   2.1246775539233557E-005
   2.1246775539233557E-005
   2.1246775539233557E-005
   2.1246775539233557E-005
   2.1246775539233557E-005
   2.1246775539233557E-005
   2.1246775539233557E-005
   2.1246775539233557E-005
   2.1246775539233557E-005
   2.1246775539233557E-005
   2.1246775539233557E-005
   2.1246775539233557E-005
   2.1246775539233557E-005
   2.1246775539233557E-005
   2.1246775539233557E-005
   2.1246775539233557E-005
   2.1246775539233557E-005
   2.1246775539233557E-005
   2.1246775539233557E-005
   2.1246775539233557E-005
   2.1246775539233557E-005
   2.1246775539233557E-005
   2.1246775539233557E-005
   2.1246775539233557E-005
   2.1246775539233557E-005
   2.1246775539233557E-005
   2.1246775539233557E-005
   2.1246775539233557E-005
   2.1246775539233557E-005
   2.1246775539233557E-005
