   2.0024984672429070E-006
   2.0024984672429070E-006
   2.0278022007924622E-006
   2.0570460349545285E-006
   2.0885002070232633E-006
   2.1215592009784378E-006
   2.1560230611742206E-006
   2.1915396731111620E-006
   2.2277898949419566E-006
   2.2647189739872751E-006
   2.3022443319174529E-006
   2.3400194629714982E-006
   2.3778412190043860E-006
   2.4157997580359392E-006
   2.4536999701986419E-006
   2.4913184264122690E-006
   2.5285323841956847E-006
   2.5652737336891982E-006
   2.6015883455692686E-006
   2.6373737165485787E-006
   2.6724665004489760E-006
   2.7067466250807319E-006
   2.7402598025705982E-006
   2.7729352665851799E-006
   2.8046258565544385E-006
   2.8353418447565566E-006
   2.8649029933347962E-006
   2.8932486837467093E-006
   2.9203124081422261E-006
   2.9460033561649005E-006
   2.9703232142883977E-006
   2.9933751637962713E-006
   3.0149107042413557E-006
   3.0351484642840106E-006
   3.0541097920269141E-006
   3.0717060390276604E-006
   3.0881479917959808E-006
   3.1033601536521734E-006
   3.1173819484605104E-006
   3.1303206716057137E-006
   3.1421562869820324E-006
   3.1530663497232875E-006
   3.1629034161319901E-006
   3.1716899811091483E-006
   3.1794000783898389E-006
   3.1859901362195898E-006
   3.1917751884750054E-006
   3.1969234001824086E-006
   3.2018411666495439E-006
   3.2067669728496939E-006
   3.2116698601836156E-006
   3.2166001452355487E-006
   3.2215428615492216E-006
   3.2264528589546902E-006
   3.2313860316308904E-006
   3.2363387771029583E-006
   3.2412819521006182E-006
   3.2462028199442170E-006
   3.2511303320224019E-006
   3.2560822966425192E-006
   3.2610102249628927E-006
   3.2659345791359074E-006
   3.2708290727758217E-006
   3.2757349008047832E-006
   3.2806657378268023E-006
   3.2856180272740141E-006
   3.2905376970470441E-006
   3.2954268737933558E-006
   3.3002884608398705E-006
   3.3051482589142601E-006
   3.3100328382278561E-006
   3.3148694209815082E-006
   3.3197128743376778E-006
   3.3245283300945333E-006
   3.3293282055302805E-006
   3.3341338737143676E-006
   3.3389356407776262E-006
   3.3437289487353926E-006
   3.3485037684278096E-006
   3.3532806614896898E-006
   3.3580041582574344E-006
   3.3627269683718521E-006
   3.3674553314852125E-006
   3.3721819717445216E-006
   3.3768797940739849E-006
   3.3815746253190821E-006
   3.3862936687063611E-006
   3.3909901274741962E-006
   3.3956433407517530E-006
   3.4002987386071381E-006
   3.4049697879214708E-006
   3.4096523075146734E-006
   3.4143298439563633E-006
   3.4189942945382031E-006
   3.4236728887297526E-006
   3.4283377282594859E-006
   3.4329889310213742E-006
   3.4376762055799826E-006
   3.4423752687081932E-006
   3.4470785281790543E-006
   3.4518138582365282E-006
   3.4565042602555402E-006
   3.4612063726758682E-006
   3.4658982789833557E-006
   3.4705904012953698E-006
   3.4753120110949241E-006
   3.4800645727693153E-006
   3.4848208607478343E-006
   3.4895939641546315E-006
   3.4943736581700401E-006
   3.4991704061975445E-006
   3.5039544661332023E-006
   3.5088227813353528E-006
   3.5136952895644277E-006
   3.5186194829491189E-006
   3.5235757954638225E-006
   3.5285245502155433E-006
   3.5335326834403468E-006
   3.5385715613291049E-006
   3.5436184388603064E-006
   3.5487133294354206E-006
   3.5538504144938946E-006
   3.5590156785358687E-006
   3.5641859381888605E-006
   3.5694179710095572E-006
   3.5747481443076995E-006
   3.5800890234321273E-006
   3.5854867973930052E-006
   3.5908921054003639E-006
   3.5963564111808089E-006
   3.6019029325959637E-006
   3.6074759467919982E-006
   3.6131743581348268E-006
   3.6189117256009193E-006
   3.6247200807808879E-006
   3.6306078193237772E-006
   3.6365551253977957E-006
   3.6425606038915246E-006
   3.6487378625350506E-006
   3.6549661102140124E-006
   3.6612660599198153E-006
   3.6676699118063540E-006
   3.6741974626494746E-006
   3.6808279850356717E-006
   3.6876092393526366E-006
   3.6945347468305954E-006
   3.7015530996139855E-006
   3.7086759728063460E-006
   3.7159784820716829E-006
   3.7234462018353333E-006
   3.7310712962890930E-006
   3.7388226853600594E-006
   3.7467828844096887E-006
   3.7548801307269427E-006
   3.7632621255780358E-006
   3.7718259658662336E-006
   3.7805882049151419E-006
   3.7895765951855167E-006
   3.7987352535205229E-006
   3.8082241112878567E-006
   3.8179521635364462E-006
   3.8279202836721395E-006
   3.8382294263826096E-006
   3.8488021982137217E-006
   3.8596772355481076E-006
   3.8708358839543750E-006
   3.8822904206824380E-006
   3.8940620742129220E-006
   3.9063004326897822E-006
   3.9187576947472166E-006
   3.9315828665744189E-006
   3.9448005727274978E-006
   3.9584409062675481E-006
   3.9723591408873787E-006
   3.9866673914026162E-006
   4.0013673628441678E-006
   4.0164156607018361E-006
   4.0318243742848349E-006
   4.0477714673117043E-006
   4.0640016711417461E-006
   4.0806363907564949E-006
   4.0976075201441495E-006
   4.1148503078518598E-006
   4.1325569594940179E-006
   4.1507670438112451E-006
   4.1693474541985467E-006
   4.1882490988299889E-006
   4.2075501419575805E-006
   4.2272718709490191E-006
   4.2473305043274211E-006
   4.2679312376795999E-006
   4.2889185545063486E-006
   4.3104133143888932E-006
   4.3324219231499606E-006
   4.3550232412251369E-006
   4.3781567379890049E-006
   4.4018148525055898E-006
   4.4262584890561362E-006
   4.4511341245787896E-006
   4.4767681181603033E-006
   4.5029126574066505E-006
   4.5299747574536137E-006
   4.5578715900620414E-006
   4.5869258404424034E-006
   4.6168640151260404E-006
   4.6477674695566889E-006
   4.6800037742439391E-006
   4.7135682641950032E-006
   4.7487710257887092E-006
   4.7851094752590768E-006
   4.8232678357683982E-006
   4.8628110410316697E-006
   4.9038915176194972E-006
   4.9466136732352636E-006
   4.9916703632596446E-006
   5.0389077764278063E-006
   5.0874284894343408E-006
   5.1380221004867863E-006
   5.1906270229669143E-006
   5.2451680570791356E-006
   5.3017217220634032E-006
   5.3595955288486789E-006
   5.4197323846571846E-006
   5.4813870479395441E-006
   5.5444081492053907E-006
   5.6094824993701546E-006
   5.6755535927379890E-006
   5.7433686996722604E-006
   5.8126846552810034E-006
   5.8826595304418750E-006
   5.9540625013125438E-006
   6.0260665477031497E-006
   6.0993645472276221E-006
   6.1735230914058341E-006
   6.2474135358606034E-006
   6.3223298241540145E-006
   6.3982380280629272E-006
   6.4744784163538023E-006
   6.5501762641449238E-006
   6.6261243415553953E-006
   6.7024912047710122E-006
   6.7792987846168766E-006
   6.8564844413267770E-006
   6.9331290450409201E-006
   7.0099108266113296E-006
   7.0869024322250518E-006
   7.1608083535188511E-006
   7.1726322018271573E-006
   7.3868497826433314E-006
   7.6020855827809254E-006
   7.8161019332640377E-006
   8.0161838109729452E-006
   8.2062761909048945E-006
   8.3760520402738955E-006
   8.5383443379014830E-006
   8.6888359890806686E-006
   8.8318062038694315E-006
   8.9704425570602806E-006
   9.0923967119214126E-006
   9.2002107851037269E-006
   9.2905073835593370E-006
   9.3726135088018710E-006
   9.4435402109016524E-006
   9.5081548263542242E-006
   9.5678487503754221E-006
   9.6197172710647752E-006
   9.6624378973408568E-006
   9.7027337667481183E-006
   9.7391765313610041E-006
   9.7714639791509000E-006
   9.8024916101334276E-006
   9.8281499904995871E-006
   9.8524877233837387E-006
   9.8726630157283176E-006
   9.8916722622471033E-006
   9.9094658069203364E-006
   9.9259851141380286E-006
   9.9396390371745978E-006
   9.9527719915717451E-006
   9.9641491973639375E-006
   9.9748101404239583E-006
   9.9833039269283742E-006
   9.9912214753128713E-006
   9.9987438181068896E-006
   1.0005281867274191E-005
   1.0011272277119102E-005
   1.0016544975201209E-005
   1.0021078325699758E-005
   1.0025599128344773E-005
   1.0029543311079147E-005
   1.0033087963878688E-005
   1.0036190758047410E-005
   1.0039346569378010E-005
   1.0042309475441021E-005
   1.0044300705442045E-005
   1.0046801173252606E-005
   1.0048875900122202E-005
   1.0050886676531795E-005
   1.0052670897290245E-005
   1.0054167592584996E-005
   1.1008118809817352E-005
   1.1008118809817352E-005
   1.1008118809817352E-005
   1.1008118809817352E-005
   1.1008118809817352E-005
   1.1008118809817352E-005
   1.1008118809817352E-005
   1.1008118809817352E-005
   1.1008118809817352E-005
   1.1008118809817352E-005
   1.1008118809817352E-005
   1.1008118809817352E-005
   1.1008118809817352E-005
   1.1008118809817352E-005
   1.1008118809817352E-005
   1.1008118809817352E-005
   1.1008118809817352E-005
   1.1008118809817352E-005
   1.1008118809817352E-005
   1.1008118809817352E-005
   1.1008118809817352E-005
   1.1008118809817352E-005
   1.1008118809817352E-005
   1.1008118809817352E-005
   1.1008118809817352E-005
   1.1008118809817352E-005
   1.1008118809817352E-005
   1.1008118809817352E-005
   1.1008118809817352E-005
   1.1008118809817352E-005
   1.1008118809817352E-005
   1.1008118809817352E-005
   1.1008118809817352E-005
   1.1008118809817352E-005
   1.1008118809817352E-005
   1.1008118809817352E-005
   1.1008118809817352E-005
   1.1008118809817352E-005
   1.1008118809817352E-005
   1.1008118809817352E-005
   1.1008118809817352E-005
