   -0.2633E+08    0.89937737E+10
   -0.2633E+07    0.89937737E+10
   -0.2410E+07    0.89882370E+10
   -0.2207E+07    0.89822661E+10
   -0.2020E+07    0.89760366E+10
   -0.1850E+07    0.89695679E+10
   -0.1694E+07    0.89628492E+10
   -0.1551E+07    0.89559640E+10
   -0.1420E+07    0.89488457E+10
   -0.1300E+07    0.89414948E+10
   -0.1190E+07    0.89339986E+10
   -0.1089E+07    0.89262906E+10
   -0.9974E+06    0.89184244E+10
   -0.9131E+06    0.89104490E+10
   -0.8360E+06    0.89023112E+10
   -0.7654E+06    0.88939600E+10
   -0.7008E+06    0.88854281E+10
   -0.6416E+06    0.88767728E+10
   -0.5874E+06    0.88679161E+10
   -0.5378E+06    0.88588367E+10
   -0.4923E+06    0.88495092E+10
   -0.4508E+06    0.88400303E+10
   -0.4127E+06    0.88302628E+10
   -0.3778E+06    0.88203038E+10
   -0.3459E+06    0.88100028E+10
   -0.3167E+06    0.87993873E+10
   -0.2900E+06    0.87886195E+10
   -0.2655E+06    0.87774781E+10
   -0.2430E+06    0.87659214E+10
   -0.2225E+06    0.87540912E+10
   -0.2037E+06    0.87419048E+10
   -0.1865E+06    0.87293459E+10
   -0.1708E+06    0.87166454E+10
   -0.1563E+06    0.87033204E+10
   -0.1431E+06    0.86898334E+10
   -0.1310E+06    0.86760716E+10
   -0.1200E+06    0.86619794E+10
   -0.1098E+06    0.86475770E+10
   -0.1006E+06    0.86330299E+10
   -0.9207E+05    0.86183163E+10
   -0.8429E+05    0.86032333E+10
   -0.7717E+05    0.85880291E+10
   -0.7066E+05    0.85726709E+10
   -0.6469E+05    0.85570522E+10
   -0.5923E+05    0.85412672E+10
   -0.5422E+05    0.85255586E+10
   -0.4964E+05    0.85097290E+10
   -0.4545E+05    0.84939444E+10
   -0.4161E+05    0.84781167E+10
   -0.3810E+05    0.84621994E+10
   -0.3488E+05    0.84463125E+10
   -0.3193E+05    0.84303361E+10
   -0.2924E+05    0.84143374E+10
   -0.2677E+05    0.83984743E+10
   -0.2451E+05    0.83825793E+10
   -0.2244E+05    0.83666660E+10
   -0.2054E+05    0.83508318E+10
   -0.1881E+05    0.83351181E+10
   -0.1722E+05    0.83194371E+10
   -0.1576E+05    0.83037309E+10
   -0.1443E+05    0.82881533E+10
   -0.1321E+05    0.82726633E+10
   -0.1210E+05    0.82573377E+10
   -0.1108E+05    0.82420440E+10
   -0.1014E+05    0.82267378E+10
   -0.9283E+04    0.82114289E+10
   -0.8499E+04    0.81962744E+10
   -0.7782E+04    0.81812698E+10
   -0.7124E+04    0.81664037E+10
   -0.6523E+04    0.81515888E+10
   -0.5972E+04    0.81367510E+10
   -0.5467E+04    0.81221018E+10
   -0.5005E+04    0.81074781E+10
   -0.4583E+04    0.80929918E+10
   -0.4196E+04    0.80785904E+10
   -0.3841E+04    0.80642150E+10
   -0.3517E+04    0.80498933E+10
   -0.3220E+04    0.80356358E+10
   -0.2948E+04    0.80214740E+10
   -0.2699E+04    0.80073465E+10
   -0.2471E+04    0.79934144E+10
   -0.2262E+04    0.79795235E+10
   -0.2071E+04    0.79656566E+10
   -0.1896E+04    0.79518323E+10
   -0.1736E+04    0.79381290E+10
   -0.1589E+04    0.79244738E+10
   -0.1455E+04    0.79107855E+10
   -0.1332E+04    0.78971996E+10
   -0.1220E+04    0.78837753E+10
   -0.1117E+04    0.78703812E+10
   -0.1022E+04    0.78569786E+10
   -0.9360E+03    0.78435796E+10
   -0.8570E+03    0.78302320E+10
   -0.7846E+03    0.78169580E+10
   -0.7183E+03    0.78036803E+10
   -0.6577E+03    0.77904776E+10
   -0.6021E+03    0.77773498E+10
   -0.5513E+03    0.77641566E+10
   -0.5047E+03    0.77509668E+10
   -0.4621E+03    0.77378018E+10
   -0.4230E+03    0.77245831E+10
   -0.3873E+03    0.77115265E+10
   -0.3546E+03    0.76984738E+10
   -0.3247E+03    0.76854856E+10
   -0.2972E+03    0.76725330E+10
   -0.2721E+03    0.76595356E+10
   -0.2491E+03    0.76464898E+10
   -0.2281E+03    0.76334705E+10
   -0.2088E+03    0.76204421E+10
   -0.1912E+03    0.76074327E+10
   -0.1750E+03    0.75944139E+10
   -0.1603E+03    0.75814664E+10
   -0.1467E+03    0.75683285E+10
   -0.1343E+03    0.75552172E+10
   -0.1230E+03    0.75420051E+10
   -0.1126E+03    0.75287457E+10
   -0.1031E+03    0.75155451E+10
   -0.9438E+02    0.75022254E+10
   -0.8641E+02    0.74888635E+10
   -0.7911E+02    0.74755201E+10
   -0.7243E+02    0.74620899E+10
   -0.6631E+02    0.74485892E+10
   -0.6071E+02    0.74350555E+10
   -0.5558E+02    0.74215497E+10
   -0.5089E+02    0.74079242E+10
   -0.4659E+02    0.73940859E+10
   -0.4266E+02    0.73802632E+10
   -0.3905E+02    0.73663369E+10
   -0.3575E+02    0.73524351E+10
   -0.3273E+02    0.73384261E+10
   -0.2997E+02    0.73242519E+10
   -0.2744E+02    0.73100560E+10
   -0.2512E+02    0.72955881E+10
   -0.2300E+02    0.72810697E+10
   -0.2106E+02    0.72664207E+10
   -0.1928E+02    0.72516218E+10
   -0.1765E+02    0.72367243E+10
   -0.1616E+02    0.72217330E+10
   -0.1479E+02    0.72063670E+10
   -0.1354E+02    0.71909295E+10
   -0.1240E+02    0.71753705E+10
   -0.1135E+02    0.71596126E+10
   -0.1039E+02    0.71436099E+10
   -0.9516E+01    0.71274160E+10
   -0.8713E+01    0.71109175E+10
   -0.7977E+01    0.70941340E+10
   -0.7303E+01    0.70771931E+10
   -0.6686E+01    0.70600692E+10
   -0.6121E+01    0.70425855E+10
   -0.5604E+01    0.70247812E+10
   -0.5131E+01    0.70066794E+10
   -0.4698E+01    0.69883580E+10
   -0.4301E+01    0.69696266E+10
   -0.3938E+01    0.69506590E+10
   -0.3605E+01    0.69311155E+10
   -0.3301E+01    0.69112432E+10
   -0.3022E+01    0.68910094E+10
   -0.2767E+01    0.68703566E+10
   -0.2533E+01    0.68494195E+10
   -0.2319E+01    0.68278404E+10
   -0.2123E+01    0.68058358E+10
   -0.1944E+01    0.67834117E+10
   -0.1780E+01    0.67603509E+10
   -0.1629E+01    0.67368371E+10
   -0.1492E+01    0.67127945E+10
   -0.1366E+01    0.66882747E+10
   -0.1250E+01    0.66632614E+10
   -0.1145E+01    0.66377193E+10
   -0.1048E+01    0.66113392E+10
   -0.9595E+00    0.65846684E+10
   -0.8785E+00    0.65573989E+10
   -0.8043E+00    0.65294937E+10
   -0.7364E+00    0.65009058E+10
   -0.6742E+00    0.64719526E+10
   -0.6172E+00    0.64424145E+10
   -0.5651E+00    0.64123043E+10
   -0.5174E+00    0.63817262E+10
   -0.4737E+00    0.63506703E+10
   -0.4337E+00    0.63187977E+10
   -0.3970E+00    0.62866363E+10
   -0.3635E+00    0.62539598E+10
   -0.3328E+00    0.62209178E+10
   -0.3047E+00    0.61876486E+10
   -0.2790E+00    0.61537971E+10
   -0.2554E+00    0.61193094E+10
   -0.2338E+00    0.60844569E+10
   -0.2141E+00    0.60493460E+10
   -0.1960E+00    0.60138466E+10
   -0.1794E+00    0.59779374E+10
   -0.1643E+00    0.59417867E+10
   -0.1504E+00    0.59050441E+10
   -0.1377E+00    0.58680074E+10
   -0.1261E+00    0.58304829E+10
   -0.1154E+00    0.57924823E+10
   -0.1057E+00    0.57538950E+10
   -0.9675E-01    0.57148503E+10
   -0.8858E-01    0.56753845E+10
   -0.8110E-01    0.56350937E+10
   -0.7425E-01    0.55945888E+10
   -0.6798E-01    0.55533659E+10
   -0.6223E-01    0.55118528E+10
   -0.5698E-01    0.54694376E+10
   -0.5217E-01    0.54262941E+10
   -0.4776E-01    0.53819751E+10
   -0.4373E-01    0.53369508E+10
   -0.4003E-01    0.52911461E+10
   -0.3665E-01    0.52440778E+10
   -0.3356E-01    0.51958264E+10
   -0.3072E-01    0.51460307E+10
   -0.2813E-01    0.50954797E+10
   -0.2575E-01    0.50433060E+10
   -0.2358E-01    0.49901975E+10
   -0.2158E-01    0.49360321E+10
   -0.1976E-01    0.48807633E+10
   -0.1809E-01    0.48236155E+10
   -0.1656E-01    0.47649246E+10
   -0.1517E-01    0.47059050E+10
   -0.1388E-01    0.46456898E+10
   -0.1271E-01    0.45844724E+10
   -0.1164E-01    0.45224528E+10
   -0.1066E-01    0.44596543E+10
   -0.9755E-02    0.43969286E+10
   -0.8931E-02    0.43333434E+10
   -0.8177E-02    0.42697813E+10
   -0.7486E-02    0.42064541E+10
   -0.6854E-02    0.41427453E+10
   -0.6275E-02    0.40797456E+10
   -0.5745E-02    0.40167839E+10
   -0.5260E-02    0.39541436E+10
   -0.4816E-02    0.38926007E+10
   -0.4409E-02    0.38314891E+10
   -0.4036E-02    0.37715242E+10
   -0.3696E-02    0.37121301E+10
   -0.3383E-02    0.36536672E+10
   -0.3098E-02    0.35969832E+10
   -0.2836E-02    0.35410494E+10
   -0.2596E-02    0.34858944E+10
   -0.2377E-02    0.34319797E+10
   -0.2176E-02    0.33798629E+10
   -0.1993E-02    0.33289378E+10
   -0.1824E-02    0.32790590E+10
   -0.1670E-02    0.32301860E+10
   -0.1529E-02    0.31823320E+10
   -0.1400E-02    0.31360183E+10
   -0.1282E-02    0.30907826E+10
   -0.1173E-02    0.30465491E+10
   -0.1074E-02    0.30051126E+10
   -0.9836E-03    0.29985742E+10
   -0.9005E-03    0.28842619E+10
   -0.8245E-03    0.27768261E+10
   -0.7548E-03    0.26767165E+10
   -0.6911E-03    0.25886678E+10
   -0.6327E-03    0.25095803E+10
   -0.5793E-03    0.24424327E+10
   -0.5303E-03    0.23811162E+10
   -0.4856E-03    0.23266141E+10
   -0.4445E-03    0.22768177E+10
   -0.4070E-03    0.22302778E+10
   -0.3726E-03    0.21906913E+10
   -0.3411E-03    0.21567032E+10
   -0.3123E-03    0.21289383E+10
   -0.2860E-03    0.21042283E+10
   -0.2618E-03    0.20832825E+10
   -0.2397E-03    0.20645151E+10
   -0.2194E-03    0.20474375E+10
   -0.2009E-03    0.20327976E+10
   -0.1839E-03    0.20208762E+10
   -0.1684E-03    0.20097428E+10
   -0.1542E-03    0.19997657E+10
   -0.1412E-03    0.19909983E+10
   -0.1292E-03    0.19826359E+10
   -0.1183E-03    0.19757668E+10
   -0.1083E-03    0.19692895E+10
   -0.9918E-04    0.19639480E+10
   -0.9080E-04    0.19589384E+10
   -0.8313E-04    0.19542692E+10
   -0.7611E-04    0.19499518E+10
   -0.6968E-04    0.19463959E+10
   -0.6380E-04    0.19429862E+10
   -0.5841E-04    0.19400409E+10
   -0.5347E-04    0.19372880E+10
   -0.4896E-04    0.19350996E+10
   -0.4482E-04    0.19330635E+10
   -0.4104E-04    0.19311326E+10
   -0.3757E-04    0.19294570E+10
   -0.3440E-04    0.19279240E+10
   -0.3149E-04    0.19265764E+10
   -0.2883E-04    0.19254191E+10
   -0.2640E-04    0.19242662E+10
   -0.2417E-04    0.19232614E+10
   -0.2213E-04    0.19223591E+10
   -0.2026E-04    0.19215699E+10
   -0.1855E-04    0.19207678E+10
   -0.1698E-04    0.19200152E+10
   -0.1555E-04    0.19195098E+10
   -0.1423E-04    0.19188754E+10
   -0.1303E-04    0.19183493E+10
   -0.1193E-04    0.19178396E+10
   -0.1092E-04    0.19173876E+10
   -0.1000E-04    0.19170085E+10
    0.0000E+00    0.16994983E+10
    0.1000E-03    0.16994983E+10
