  -2.4719935590534090E+020
  -2.4719935590534091E+019
  -2.2632044320800870E+019
  -2.0720500191547154E+019
  -1.8970408598630420E+019
  -1.7368132963595211E+019
  -1.5901188478507549E+019
  -1.4558144825296271E+019
  -1.3328537111597887E+019
  -1.2202784329123942E+019
  -1.1172114699184798E+019
  -1.0228497323667917E+019
  -9.3645796089003418E+018
  -8.5736299748069663E+018
  -7.8494854029587599E+018
  -7.1865034148094188E+018
  -6.5795181059385405E+018
  -6.0237998937235732E+018
  -5.5150186647974984E+018
  -5.0492100351400745E+018
  -4.6227444599038986E+018
  -4.2322989522814244E+018
  -3.8748311910485356E+018
  -3.5475558150326615E+018
  -3.2479227197937603E+018
  -2.9735971874075715E+018
  -2.7224416945239670E+018
  -2.4924992569501850E+018
  -2.2819781809812170E+018
  -2.0892381026609137E+018
  -1.9127772061927985E+018
  -1.7512205219074268E+018
  -1.6033092126049748E+018
  -1.4678907647930547E+018
  -1.3439100083906376E+018
  -1.2304008949243236E+018
  -1.1264789701532837E+018
  -1.0313344824701627E+018
  -9.4422607337912768E+017
  -8.6447500088775437E+017
  -7.9145985080187328E+017
  -7.2461169471418650E+017
  -6.6340965695808192E+017
  -6.0737685598468902E+017
  -5.5607668853870042E+017
  -5.0910942767954598E+017
  -4.6610910813995802E+017
  -4.2674067475288992E+017
  -3.9069737172754534E+017
  -3.5769835243196019E+017
  -3.2748649105774880E+017
  -2.9982637911567450E+017
  -2.7450249115089142E+017
  -2.5131750538525565E+017
  -2.3009076620127750E+017
  -2.1065687648751005E+017
  -1.9286440887703754E+017
  -1.7657472583713427E+017
  -1.6166089941632182E+017
  -1.4800672223158000E+017
  -1.3550580198939789E+017
  -1.2406073248524434E+017
  -1.1358233462194894E+017
  -1.0398896153306864E+017
  -95205862396812912.     
  -87164599983417072.     
  -79802517397536320.     
  -73062249860558864.     
  -66891277728683992.     
  -61241517263915648.     
  -56068945969291856.     
  -51333259568990088.     
  -46997557960524536.     
  -43028057691998928.     
  -39393828724060064.     
  -36066553425421088.     
  -33020305924066772.     
  -30231350094862304.     
  -27677954609500212.     
  -25340223607669588.     
  -23199941670049948.     
  -21240431885171476.     
  -19446425904209516.     
  -17803944971190396.     
  -16300191001605078.     
  -14923446860723604.     
  -13662985064586732.     
  -12508984192279844.     
  -11452452358180204.     
  -10485157147878914.     
  -9599561471844054.0     
  -8788764837001466.0     
  -8046449578625941.0     
  -7366831633585872.0     
  -6744615471370293.0     
  -6174952831724338.0     
  -5653404947379988.0     
  -5175907957524513.0     
  -4738741242511052.0     
  -4338498433077827.5     
  -3972060868182104.0     
  -3636573294634296.5     
  -3329421619185782.0     
  -3048212539716298.0     
  -2790754896808763.5     
  -2555042600404420.5     
  -2339238998504113.5     
  -2141662566117839.0     
  -1960773802951961.2     
  -1795163237741886.2     
  -1643540445760882.5     
  -1504723993930336.0     
  -1377632235184480.2     
  -1261274880360054.2     
  -1154745281939661.8     
  -1057213369524377.2     
  -967919181989340.25     
  -886166945925395.12     
  -811319654226452.38     
  -742794102579342.12     
  -680056345180872.25     
  -622617534273390.25     
  -570030111080829.75     
  -521884318465315.62     
  -477805008131204.00     
  -437448717498555.31     
  -400500993469251.19     
  -366673942232753.06     
  -335703986019777.06     
  -307349809324683.56     
  -281390478593704.44     
  -257623720727764.81     
  -235864346986125.25     
  -215942810010024.03     
  -197703882722760.53     
  -181005448812306.59     
  -165717395371986.44     
  -151720599070761.81     
  -138905997953441.78     
  -127173741638355.44     
  -116432413290893.78     
  -106598317310598.59     
  -97594827181511.188     
  -89351788404281.234     
  -81804971857728.984     
  -74895573330496.156     
  -68569755323175.516     
  -62778227550675.047     
  -57475862876125.828     
  -52621345683718.617     
  -48176849950618.039     
  -44107744509515.602     
  -40382323205250.391     
  -36971557842897.477     
  -33848872002317.043     
  -30989933956741.453     
  -28372467081841.293     
  -25976076277989.262     
  -23782089053220.555     
  -21773410028617.762     
  -19934387732439.934     
  -18250692645063.707     
  -16709205544474.135     
  -15297915282300.312     
  -14005825193875.305     
  -12822867413075.135     
  -11739824424283.588     
  -10748257240223.117     
  -9840439646017.7988     
  -9009297997124.3301     
  -8248356102040.0977     
  -7551684760319.6689     
  -6913855562702.8799     
  -6329898593369.5254     
  -5795263704739.2568     
  -5305785063073.1992     
  -4857648688619.4854     
  -4447362737377.6250     
  -4071730292919.9976     
  -3727824456265.9790     
  -3412965539711.3574     
  -3124700186908.7202     
  -2860782256504.4604     
  -2619155320378.8389     
  -2397936640117.0571     
  -2195402496856.9487     
  -2009974760204.8577     
  -1840208591565.5364     
  -1684781186071.4434     
  -1542481465389.4734     
  -1412200641092.1294     
  -1292923575063.8130     
  -1183720869623.0374     
  -1083741625727.5432     
  -992206812834.68457     
  -908403198755.66553     
  -831677792205.41589     
  -761432754744.97668     
  -697120742470.57178     
  -638240641152.20007     
  -584333661590.29272     
  -534979764765.70648     
  -489794388928.15973     
  -448425453120.77710     
  -410550613792.49274     
  -375874753121.99762     
  -344127679482.49146     
  -315062022129.39587     
  -288451303706.63574     
  -264088175552.57776     
  -241782802055.27991     
  -221361381468.07770     
  -202664791659.79877     
  -185547350247.41818     
  -169875679450.18243     
  -155527666820.25284     
  -142391513751.94415     
  -130364864355.63181     
  -119354007908.56602     
  -109273148668.16440     
  -100043737358.21416     
  -91593859118.980911     
  -83857673152.180832     
  -76774899694.566010     
  -70290350322.669296     
  -64353497928.871361     
  -58918083018.084366     
  -53941753257.339249     
  -49385733469.681419     
  -45214523500.986954     
  -41395621605.506042     
  -37899271194.770615     
  -34698228976.557266     
  -31767552677.259037     
  -29084406693.616642     
  -26627884159.463081     
  -24378844041.037346     
  -22319761991.529102     
  -20434593802.721909     
  -18708650389.763157     
  -17128483334.949478     
  -15681780098.695669     
  -14357268081.177265     
  -13144626787.104128     
  -12034407409.218494     
  -11017959203.918880     
  -10087362085.334656     
  -9235364912.6286983     
  -8455328989.6685514     
  -7741176336.8189402     
  -7087342331.7943277     
  -6488732350.5518732     
  -5940682070.3747549     
  -5438921125.8298206     
  -4979539834.4102640     
  -4558958732.5915756     
  -4173900684.9283352     
  -3821365348.8681436     
  -3498605796.3142052     
  -3203107109.7739577     
  -2932566786.3162193     
  -2684876796.6463532     
  -2458107159.5048280     
  -2250490903.4024439     
  -2060410298.5149720     
  -1886384251.4574220     
  -1727056764.7188118     
  -1581186370.8343327     
  -1447636458.9668329     
  -1325366418.5229652     
  -1213423530.7958920     
  -1110935545.4547093     
  -1017103884.0372999     
  -931197417.48863935     
  -852546769.25972092     
  -780539099.57718837     
  -714613330.24319947     
  -654255772.75744617     
  -598996125.69607043     
  -548403810.15930474     
  -502084614.73395270     
  -459677623.82853180     
  -420852405.44686121     
  -385306436.48749274     
  -352762745.50707120     
  -322967754.58025992     
  -295689303.44013268     
  -270714840.50332206     
  -247849766.68449894     
  -226915919.09534314     
  -207750182.81308237     
  -190203219.90161669     
  -174138305.78186488     
  -159430263.88440460     
  -145964490.28332078     
  -133636060.71126683     
  -122348912.99768497     
  -112015098.55979304     
  -102554097.11402670     
  -93892189.268209115     
   0.0000000000000000     
   938921892.68209112     
   1062040726.7570395     
   1201303872.1129553     
   1358828298.0071828     
   1537008567.3805971     
   1738553237.1278801     
   1966526031.4579475     
   2224392414.2296991     
   2516072268.2192659     
   2845999482.1077104     
   3219189350.9838943     
   3641314814.9321771     
   4118792694.6242213     
   4658881234.8008509     
   5269790438.4235525     
   5960806868.7089853     
   6742434816.1892557     
   7626555976.7090788     
   8626610067.6596222     
   9757799128.0355740     
   11037318607.924896     
   12484618760.272663     
   14121700308.391861     
   15973448883.727009     
   18068013317.731674     
   20437233538.356522     
   23117124575.695286     
   26148424034.263367     
   29577211354.153778     
   33455608274.593605     
   37842571147.799088     
   42804787147.264374     
   48417687993.939934     
   54766596610.172272     
   61948024131.940018     
   70071136995.550339     
   79259416400.298630     
   89652535372.943222     
   101408481967.65868     
   114705960876.69073     
   129747109959.11661     
   146760572982.25360     
   166004975285.12375     
   187772855198.28839     
   212395110982.41806     
   240246030884.47281     
   271748982774.47137     
   307382849852.24591     
   347689310254.75909     
   393281071222.87079     
   444851182996.90857     
   503183574023.58710     
   569164967622.24036     
   643798361258.19275     
   728218273324.62585     
   823707989202.57593     
   931719068760.15833     
   1053893411828.7448     
   1192088217078.1711     
   1348404213696.2654     
   1525217595028.5527     
   1725216139608.3345     
   1951440068660.7375     
   2207328261164.5161     
   2496770528996.7720     
   2824166746806.4004     
   3194493735462.2866     
   3613380915786.0400     
   4087195882598.0625     
   4623141199906.5693     
   5229363888644.1914     
   5915079271299.0361     
   6690711056029.1982     
   7568049789709.7803     
   8560432088591.4971     
   9682943371094.9668     
   10952647174525.838     
   12388844541603.822     
   14013367419796.525     
   15850910533484.881     
   17929406773820.977     
   20280451812660.789     
   22939784395220.344     
   25947829612487.961     
   29350313411794.379     
   33198957686849.066     
   37552266513457.031     
   42476415482655.672     
   48046257650217.570     
   54346461394175.047     
   61472797477186.750     
   69533594878658.414     
   78651387527038.859     
   88964776964625.094     
   100630539259648.19     
   113826008193267.09     
   128751770948812.52     
   145634717281037.22     
   164731488516455.69     
   186332378813774.47     
   210765747988318.91     
   238403012980756.72     
   269664293846516.44     
   305024800091809.38     
   345022054436333.69     
   390264063812642.50     
   441438561811308.94     
   499323463068300.38     
   564798688513969.88     
   638859541241838.38     
   722631836326647.38     
   817389014583326.75     
   924571500416836.25     
   1045808598025754.0     
   1182943258808537.0     
   1338060096467194.0     
   1513517075671994.8     
   1711981355993504.8     
   1936469835973315.2     
   2190395013652675.2     
   2477616860694864.0     
   2802501498651079.0     
   3169987569320477.5     
   3585661308114598.0     
   4055841461632647.5     
   4587675340298123.0     
   5189247466173711.0     
   5869702467533457.0     
   6639384088339220.0     
   7509992425734610.0     
   8494761785757622.0     
   9608661860895206.0     
   10868625287623392.     
   12293805043084446.     
   13905865593643750.     
   15729312221138726.     
   17791863532979464.     
   20124872818707884.     
   22763804658147820.     
   25748774026169560.     
   29125156089117892.     
   32944275962550440.     
   37264188915443840.     
   42150562880920736.     
   47677676688734432.     
   53929549193859680.     
   61001216465317928.     
   69000176450061224.     
   78048023072563648.     
   88282294610422304.     
   99858564443525968.     
   1.1295280595872278E+017
   1.2776406755941533E+017
   1.4451749844348378E+017
   1.6346777114504314E+017
   1.8490295286683373E+017
   2.0914888445220758E+017
   2.3657413356241296E+017
   2.6759559735349891E+017
   3.0268483982034522E+017
   3.4237526014315827E+017
   3.8727020100402208E+017
   4.3805212012978061E+017
   4.9549296447986406E+017
   5.6046590477933594E+017
   6.3395860877634125E+017
   7.1708825499361933E+017
   8.1111851520137306E+017
   9.1747876376574349E+017
   1.0377858058783615E+018
   1.1738684549625024E+018
   1.3277953328623227E+018
   1.5019063154118779E+018
   1.6988481013948378E+018
   1.9216144455863578E+018
   2.1735916674683113E+018
   2.4586101274056714E+018
   2.7810024527846881E+018
   3.1456693992208312E+018
   3.5581543480071347E+018
   4.0247275722547395E+018
   4.5524815526735114E+018
   5.1494387919085875E+018
   5.8246737663419279E+018
   6.5884508691746632E+018
   7.4523804416929126E+018
   8.4295952645821747E+018
   9.5349501921730089E+018
   1.0785247964301459E+019
   1.2199494628399223E+019
   1.3799188454540161E+019
   1.5608646735303369E+019
   1.7655375438208342E+019
   1.9970487329889075E+019
   2.2589174928003240E+019
   2.5551245470320951E+019
   2.8901726033174192E+019
   3.2691547997803581E+019
   3.6978321269323825E+019
   4.1827210017378099E+019
   4.7311923250804883E+019
   5.3515835284257505E+019
   6.0533253129232253E+019
   6.8470850075390820E+019
   7.7449287254357557E+019
   8.7605047835734131E+019
   9.9092511737342853E+019
   1.1208630238781884E+020
   1.2678394121519771E+020
   1.4340885021295513E+020
   1.6221374822615568E+020
   1.8348449258539244E+020
   2.0754442448602805E+020
   2.3475928416778836E+020
   2.6554277061141945E+020
   3.0036283026656166E+020
   3.3974877040715629E+020
   3.8429930524604236E+020
   4.3469165711947517E+020
   4.9169185109064489E+020
   5.5616635946269573E+020
   6.2909527321201056E+020
   7.1158720056357434E+020
   8.0489611918488869E+020
   9.1044043817229104E+020
   1.0298245595950671E+021
   1.1648632673590385E+021
   1.3176093141300866E+021
   1.4903846256723378E+021
   1.6858155969449778E+021
   1.9068730165012867E+021
   2.1569172260893462E+021
   2.4397492019352930E+021
   2.7596683342067825E+021
   3.1215377829748020E+021
   3.5308584041639843E+021
   3.9938523692558094E+021
   4.5175577498659261E+021
   5.1099355049962578E+021
   5.7799904972983050E+021
   6.5379083779420749E+021
   7.3952104209072280E+021
   8.3649286603660318E+021
   9.4618039934594654E+021
   1.0702510259869690E+022
   1.2105907704471061E+022
   1.3693329676000343E+022
   1.5488906919914798E+022
   1.7519934395084121E+022
   1.9817286190376308E+022
   2.2415884848374395E+022
   2.5355232230515585E+022
   2.8680009993448852E+022
   3.2440758804582245E+022
   3.6694646621722672E+022
   4.1506337715593476E+022
   4.6948975645429439E+022
   5.3105295130074336E+022
   6.0068879716374496E+022
   6.7945584362958352E+022
   7.6855144564406230E+022
   8.6932996476455686E+022
   9.8332335710360165E+022
   1.1122644609258031E+023
   1.2581133378978863E+023
   1.4230870684109268E+023
   1.6096934538999201E+023
   1.8207691384769519E+023
   2.0595227293731784E+023
   2.3295835716728005E+023
   2.6350569187743379E+023
   2.9805863372373380E+023
   3.3714242946441242E+023
   3.8135120034979668E+023
   4.3135697348820865E+023
   4.8791989747569988E+023
   5.5189979757961220E+023
   6.2426924612884176E+023
   7.0612834679660484E+023
   7.9872145751481978E+023
   9.0345610622873998E+023
   1.0219243870343270E+024
   1.1559271619456829E+024
   1.3075014361888582E+024
   1.4789513231598059E+024
   1.6728830697515216E+024
   1.8922446744779595E+024
   2.1403707006384101E+024
   2.4210329657369684E+024
   2.7384978776979413E+024
   3.0975912894574325E+024
   3.5037718577998123E+024
   3.9632140215826406E+024
   4.4829018607200283E+024
   5.0707352626951845E+024
   5.7356500104623241E+024
   6.4877536172201513E+024
   7.3384789729107628E+024
   8.3007581380576916E+024
   9.3892189268209089E+024
