2017 01 13  99  7.08 0.128  5.4   0.3
2017 01 13  99  7.21 0.128  5.3   0.3
2017 01 13  99  7.34 0.128  5.2   0.3
2017 01 13  99  7.46 0.128  5.1   0.3
2017 01 13  99  7.59 0.128  5.    0.3
2017 01 13  99  7.72 0.128  5.    0.3
2017 01 13  99  7.85 0.128  5.    0.3
2017 01 13  99  4.35 0.128  6.9   0.4
2017 01 13  99  4.48 0.128  7.    0.4
2017 01 13  99  4.61 0.128  7.1   0.4
2017 01 13  99  4.74 0.128  6.9   0.4
2017 01 13  99  4.86 0.128  7.1   0.4
2017 01 13  99  4.99 0.128  6.9   0.4
2017 01 13  99  5.12 0.128  6.7   0.3
2017 01 13  99  5.25 0.128  6.9   0.4
2017 01 13  99  6.95 0.128  5.5   0.3
2017 01 13  99  19.0  2.0     1.81  0.09
2017 01 13  99  21.0  2.0     1.65  0.09
2017 01 13  99  23.0  2.0     1.21  0.07
2017 01 13  99  25.0  2.0     1.21  0.07
2017 01 13  99  1.19 0.128  0.9   0.2
2017 01 13  99  1.45 0.128  1.4   0.2
2017 01 13  99  1.68 0.128  2.3   0.2
2017 01 13  99  1.8  0.128  1.7   0.2
2017 01 13  99  1.93 0.128  2.4   0.2
2017 01 13  99  2.34 0.512  3.3   0.2
2017 01 13  99  2.86 0.512  3.8   0.2
2017 01 13  99  3.14 0.512  4.7   0.2
2017 01 13  99  3.66 0.512  5.9   0.3
2017 01 13  99  9.19 0.128  4.4   0.2
2017 01 13  99  9.32 0.128  4.3   0.2
2017 01 13  99  9.45 0.128  4.4   0.2
2017 01 13  99  9.58 0.128  4.2   0.2
2017 01 13  99  9.7  0.128  4.3   0.2
2017 01 13  99  9.83 0.128  4.3   0.2
2017 01 13  99  9.96 0.128  4.3   0.2
2017 01 13  99 10.04 0.128  4.3   0.2
2017 01 13  99 10.17 0.128  4.1   0.2
2017 01 13  99 10.3  0.128  4.0   0.2
2017 01 13  99  8.04 0.128  4.8   0.2
2017 01 13  99 10.42 0.128  4.0   0.2
2017 01 13  99 10.55 0.128  4.0   0.2
2017 01 13  99 10.68 0.128  3.8   0.2
2017 01 13  99 10.81 0.128  3.9   0.2
2017 01 13  99 10.94 0.128  3.8   0.2
2017 01 13  99 11.06 0.128  3.6   0.2
2017 01 13  99 11.19 0.128  3.6   0.2
2017 01 13  99 11.32 0.128  3.7   0.2
2017 01 13  99 11.45 0.128  3.4   0.2
2017 01 13  99 11.58 0.128  3.5   0.2
2017 01 13  99  8.17 0.128  4.8   0.2
2017 01 13  99  8.3  0.128  4.6   0.2
2017 01 13  99  8.42 0.128  4.6   0.2
2017 01 13  99  8.55 0.128  4.4   0.2
2017 01 13  99  8.68 0.128  4.4   0.2
2017 01 13  99  8.81 0.128  4.5   0.2
2017 01 13  99  8.94 0.128  4.3   0.2
2017 01 13  99  9.06 0.128  4.4   0.2