Title: A mildly relativistic outflow from the energetic, fast-rising blue 
       optical transient CSS161010 in a dwarf galaxy 
Authors: Coppejans D.L., Margutti R., Terreran G., Nayana A.J., Coughlin E.R.,
    Laskar T., Alexander K.D., Bietenholz M., Caprioli D., Chandra P., 
    Drout M.R., Frederiks D., Frohmaier C., Hurley K.H, Kochanek C.S., 
    MacLeod M., Meisner A., Nugent P.E., Ridnaia A., Sand D.J., Svinkin D., 
    Ward C., Yang S., Baldeschi A., Chilingarian I.V., Esquivia C., Fong W., 
    Guidorzi C., Lundqvist, P., Milisavljevic D., Paterson K., Reichart D.E.,
    Shappee B., Stroh M.C., Valenti S., Zauderer B.A., Zhang B., 
Table: Radio Observations of CSS161010
================================================================================
Byte-by-byte Description of file: apjlab8cc7t3_mrt.txt
--------------------------------------------------------------------------------
   Bytes Format Units   Label  Explanations
--------------------------------------------------------------------------------
   1-  4 I4     yr      Obs.Y  Start Date, YYYY
   6-  7 I2     ---     Obs.M  Start Date, Month
   9- 10 I2     d       Obs.D  Start Date, Day in Month
  12- 14 I3     d       Time   Days since JD=2457668
  16- 20 F5.2   GHz     Freq   Frequency
  22- 26 F5.3   GHz     Band   Bandwidth
  28- 28 A1     ---   l_S      Limit flag for S
  29- 33 F5.3   mJy     S      Flux Density
  35- 39 F5.3   mJy   e_S      ?="" Uncertainty in S
  41- 44 A4     ---     Tel    Telescope
--------------------------------------------------------------------------------
2016 12 14  69  7.21 0.128  4.7   0.2   VLA  
2016 12 14  69  7.34 0.128  4.7   0.2   VLA  
2016 12 14  69  7.46 0.128  4.6   0.2   VLA  
2016 12 14  69  7.59 0.128  4.6   0.2   VLA  
2016 12 14  69  7.72 0.128  4.5   0.2   VLA  
2016 12 14  69  7.85 0.128  4.5   0.2   VLA  
2016 12 14  69  4.61 0.128  4.2   0.2   VLA  
2016 12 14  69  4.74 0.128  4.3   0.2   VLA  
2016 12 14  69  4.86 0.128  4.3   0.2   VLA  
2016 12 14  69  4.99 0.128  4.6   0.2   VLA  
2016 12 14  69  5.12 0.128  4.4   0.2   VLA  
2016 12 14  69  5.25 0.128  4.5   0.2   VLA  
2016 12 14  69  6.95 0.128  4.8   0.2   VLA  
2016 12 14  69  7.08 0.128  4.8   0.2   VLA  
2017 01 13  99  7.08 0.128  5.4   0.3   VLA  
2017 01 13  99  7.21 0.128  5.3   0.3   VLA  
2017 01 13  99  7.34 0.128  5.2   0.3   VLA  
2017 01 13  99  7.46 0.128  5.1   0.3   VLA  
2017 01 13  99  7.59 0.128  5.    0.3   VLA  
2017 01 13  99  7.72 0.128  5.    0.3   VLA  
2017 01 13  99  7.85 0.128  5.    0.3   VLA  
2017 01 13  99  4.35 0.128  6.9   0.4   VLA  
2017 01 13  99  4.48 0.128  7.    0.4   VLA  
2017 01 13  99  4.61 0.128  7.1   0.4   VLA  
2017 01 13  99  4.74 0.128  6.9   0.4   VLA  
2017 01 13  99  4.86 0.128  7.1   0.4   VLA  
2017 01 13  99  4.99 0.128  6.9   0.4   VLA  
2017 01 13  99  5.12 0.128  6.7   0.3   VLA  
2017 01 13  99  5.25 0.128  6.9   0.4   VLA  
2017 01 13  99  6.95 0.128  5.5   0.3   VLA  
2017 01 13  99 19.   2.     1.81  0.09  VLA  
2017 01 13  99 21.   2.     1.65  0.09  VLA  
2017 01 13  99 23.   2.     1.21  0.07  VLA  
2017 01 13  99 25.   2.     1.21  0.07  VLA  
2017 01 13  99  1.19 0.128  0.9   0.2   VLA  
2017 01 13  99  1.45 0.128  1.4   0.2   VLA  
2017 01 13  99  1.68 0.128  2.3   0.2   VLA  
2017 01 13  99  1.8  0.128  1.7   0.2   VLA  
2017 01 13  99  1.93 0.128  2.4   0.2   VLA  
2017 01 13  99  2.34 0.512  3.3   0.2   VLA  
2017 01 13  99  2.86 0.512  3.8   0.2   VLA  
2017 01 13  99  3.14 0.512  4.7   0.2   VLA  
2017 01 13  99  3.66 0.512  5.9   0.3   VLA  
2017 01 13  99  9.19 0.128  4.4   0.2   VLA  
2017 01 13  99  9.32 0.128  4.3   0.2   VLA  
2017 01 13  99  9.45 0.128  4.4   0.2   VLA  
2017 01 13  99  9.58 0.128  4.2   0.2   VLA  
2017 01 13  99  9.7  0.128  4.3   0.2   VLA  
2017 01 13  99  9.83 0.128  4.3   0.2   VLA  
2017 01 13  99  9.96 0.128  4.3   0.2   VLA  
2017 01 13  99 10.04 0.128  4.3   0.2   VLA  
2017 01 13  99 10.17 0.128  4.1   0.2   VLA  
2017 01 13  99 10.3  0.128  4.    0.2   VLA  
2017 01 13  99  8.04 0.128  4.8   0.2   VLA  
2017 01 13  99 10.42 0.128  4.    0.2   VLA  
2017 01 13  99 10.55 0.128  4.    0.2   VLA  
2017 01 13  99 10.68 0.128  3.8   0.2   VLA  
2017 01 13  99 10.81 0.128  3.9   0.2   VLA  
2017 01 13  99 10.94 0.128  3.8   0.2   VLA  
2017 01 13  99 11.06 0.128  3.6   0.2   VLA  
2017 01 13  99 11.19 0.128  3.6   0.2   VLA  
2017 01 13  99 11.32 0.128  3.7   0.2   VLA  
2017 01 13  99 11.45 0.128  3.4   0.2   VLA  
2017 01 13  99 11.58 0.128  3.5   0.2   VLA  
2017 01 13  99  8.17 0.128  4.8   0.2   VLA  
2017 01 13  99  8.3  0.128  4.6   0.2   VLA  
2017 01 13  99  8.42 0.128  4.6   0.2   VLA  
2017 01 13  99  8.55 0.128  4.4   0.2   VLA  
2017 01 13  99  8.68 0.128  4.4   0.2   VLA  
2017 01 13  99  8.81 0.128  4.5   0.2   VLA  
2017 01 13  99  8.94 0.128  4.3   0.2   VLA  
2017 01 13  99  9.06 0.128  4.4   0.2   VLA  
2017 03 17 162  1.93 0.128  3.6   0.7   VLA  
2017 03 17 162  7.08 0.128  2.    0.1   VLA  
2017 03 17 162  7.21 0.128  2.    0.1   VLA  
2017 03 17 162  7.34 0.128  2.    0.1   VLA  
2017 03 17 162  7.46 0.128  1.9   0.1   VLA  
2017 03 17 162  7.59 0.128  1.9   0.1   VLA  
2017 03 17 162  7.72 0.128  1.8   0.1   VLA  
2017 03 17 162  7.85 0.128  2.    0.1   VLA  
2017 03 17 162  4.35 0.128  2.9   0.2   VLA  
2017 03 17 162  4.48 0.128  2.8   0.2   VLA  
2017 03 17 162  4.61 0.128  2.7   0.1   VLA  
2017 03 17 162  4.74 0.128  2.7   0.2   VLA  
2017 03 17 162  4.86 0.128  2.7   0.1   VLA  
2017 03 17 162  4.99 0.128  2.5   0.1   VLA  
2017 03 17 162  5.12 0.128  2.4   0.1   VLA  
2017 03 17 162  5.25 0.128  2.4   0.1   VLA  
2017 03 17 162  6.95 0.128  2.1   0.1   VLA  
2017 03 17 162 19.   2.048  0.72  0.04  VLA  
2017 03 17 162 21.   2.048  0.58  0.04  VLA  
2017 03 17 162 23.   2.048  0.51  0.04  VLA  
2017 03 17 162 25.   2.048  0.41  0.03  VLA  
2017 03 17 162  2.54 0.128  2.8   0.2   VLA  
2017 03 17 162  2.66 0.128  2.8   0.2   VLA  
2017 03 17 162  2.79 0.128  2.7   0.2   VLA  
2017 03 17 162  2.92 0.128  3.    0.2   VLA  
2017 03 17 162  3.05 0.128  2.8   0.2   VLA  
2017 03 17 162  2.95 0.128  3.1   0.2   VLA  
2017 03 17 162  3.08 0.128  3.    0.2   VLA  
2017 03 17 162  3.21 0.128  3.    0.2   VLA  
2017 03 17 162  3.34 0.128  3.    0.2   VLA  
2017 03 17 162  8.23 0.512  1.8   0.1   VLA  
2017 03 17 162  8.74 0.512  1.76  0.09  VLA  
2017 03 17 162  9.26 0.512  1.64  0.09  VLA  
2017 03 17 162  9.77 0.512  1.64  0.09  VLA  
2017 03 17 162 10.23 0.512  1.55  0.09  VLA  
2017 03 17 162 10.74 0.512  1.49  0.08  VLA  
2017 03 17 162 11.32 0.384  1.39  0.08  VLA  
2017 09 28 357  6.05 2.048  0.07  0.01  VLA  
2017 09 28 357  1.5  1.024  0.27  0.07  VLA  
2017 09 28 357  3.   2.048  0.17  0.03  VLA  
2017 09 28 357 10.   4.096  0.032 0.008 VLA  
2017 09 19 348  0.33 0.032 <0.375       GMRT 
2017 09 21 350  0.61 0.032  0.79  0.09  GMRT 
2017 09 14 343  1.39 0.032  0.38  0.05  GMRT 
2018 03 21 531 10.   4.096 <0.018       VLA  
2018 03 21 531  1.5  1.024 <0.065       VLA  