2016 12 14  69  7.21 0.128  4.7   0.2
2016 12 14  69  7.34 0.128  4.7   0.2
2016 12 14  69  7.46 0.128  4.6   0.2
2016 12 14  69  7.59 0.128  4.6   0.2
2016 12 14  69  7.72 0.128  4.5   0.2
2016 12 14  69  7.85 0.128  4.5   0.2
2016 12 14  69  4.61 0.128  4.2   0.2
2016 12 14  69  4.74 0.128  4.3   0.2
2016 12 14  69  4.86 0.128  4.3   0.2
2016 12 14  69  4.99 0.128  4.6   0.2
2016 12 14  69  5.12 0.128  4.4   0.2
2016 12 14  69  5.25 0.128  4.5   0.2
2016 12 14  69  6.95 0.128  4.8   0.2
2016 12 14  69  7.08 0.128  4.8   0.2
