2017 03 17 162  7.08 0.128  2.    0.1
2017 03 17 162  7.21 0.128  2.    0.1
2017 03 17 162  7.34 0.128  2.    0.1
2017 03 17 162  7.46 0.128  1.9   0.1
2017 03 17 162  7.59 0.128  1.9   0.1
2017 03 17 162  7.72 0.128  1.8   0.1
2017 03 17 162  7.85 0.128  2.    0.1
2017 03 17 162  4.35 0.128  2.9   0.2
2017 03 17 162  4.48 0.128  2.8   0.2
2017 03 17 162  4.61 0.128  2.7   0.1
2017 03 17 162  4.74 0.128  2.7   0.2
2017 03 17 162  4.86 0.128  2.7   0.1
2017 03 17 162  4.99 0.128  2.5   0.1
2017 03 17 162  5.12 0.128  2.4   0.1
2017 03 17 162  5.25 0.128  2.4   0.1
2017 03 17 162  6.95 0.128  2.1   0.1
2017 03 17 162 19.   2.048  0.72  0.04
2017 03 17 162 21.   2.048  0.58  0.04
2017 03 17 162 23.   2.048  0.51  0.04
2017 03 17 162 25.   2.048  0.41  0.03
2017 03 17 162  2.54 0.128  2.8   0.2
2017 03 17 162  2.66 0.128  2.8   0.2
2017 03 17 162  2.79 0.128  2.7   0.2
2017 03 17 162  2.92 0.128  3.    0.2
2017 03 17 162  3.05 0.128  2.8   0.2
2017 03 17 162  2.95 0.128  3.1   0.2
2017 03 17 162  3.08 0.128  3.    0.2
2017 03 17 162  3.21 0.128  3.    0.2
2017 03 17 162  3.34 0.128  3.    0.2
2017 03 17 162  8.23 0.512  1.8   0.1
2017 03 17 162  8.74 0.512  1.76  0.09
2017 03 17 162  9.26 0.512  1.64  0.09
2017 03 17 162  9.77 0.512  1.64  0.09
2017 03 17 162 10.23 0.512  1.55  0.09
2017 03 17 162 10.74 0.512  1.49  0.08