   1.4142135718596092E-006
   1.4142135718596092E-006
   1.4459644584979993E-006
   1.4824736995176127E-006
   1.5232552439230953E-006
   1.5686399844026150E-006
   1.6188167714449024E-006
   1.6740530839646932E-006
   1.7345755558806197E-006
   1.8007517737055109E-006
   1.8726405971506389E-006
   1.9503192170870148E-006
   2.0338346733519953E-006
   2.1231306272352302E-006
   2.2180117914769912E-006
   2.3181705658439878E-006
   2.4233060292004964E-006
   2.5331532807844648E-006
   2.6472223478236325E-006
   2.7649975661960636E-006
   2.8857386118946571E-006
   3.0091509337650678E-006
   3.1347000590783448E-006
   3.2618136870133450E-006
   3.3898095346886494E-006
   3.5182743188551027E-006
   3.6468173066682754E-006
   3.7750178201804808E-006
   3.9024146380693992E-006
   4.0284535788423882E-006
   4.1527050640909102E-006
   4.2749336132874883E-006
   4.3952143136559978E-006
   4.5126622237827972E-006
   4.6276163601503708E-006
   4.7394239638887668E-006
   4.8478868984229823E-006
   4.9529193465047513E-006
   5.0540709464823157E-006
   5.1513361953245070E-006
   5.2440041126213899E-006
   5.3321891690274798E-006
   5.4156895831886237E-006
   5.4943219763583950E-006
   5.5680730689815708E-006
   5.6371200886956874E-006
   5.7014846914278855E-006
   5.7611606328906851E-006
   5.8162787227339034E-006
   5.8671110435620627E-006
   5.9133984802483759E-006
   5.9555594385770376E-006
   5.9938252101132058E-006
   6.0285691519021297E-006
   6.0599203448128318E-006
   6.0881102146389070E-006
   6.1131055707601431E-006
   6.1361926001998981E-006
   6.1571933318578383E-006
   6.1760641613643325E-006
   6.1936657593448115E-006
   6.2104318130196859E-006
   6.2263635359494407E-006
   6.2416142080409722E-006
   6.2559791176702066E-006
   6.2700843808540947E-006
   6.2839429133741982E-006
   6.2976253210353877E-006
   6.3110050604422854E-006
   6.3242279203703355E-006
   6.3374481669125240E-006
   6.3503470467662529E-006
   6.3632421615389419E-006
   6.3760258057706754E-006
   6.3887707756249885E-006
   6.4014258359668763E-006
   6.4140111453451371E-006
   6.4265898836776444E-006
   6.4391719045135212E-006
   6.4516635661458512E-006
   6.4641205144202200E-006
   6.4765497980880501E-006
   6.4889539269266769E-006
   6.5012658665557523E-006
   6.5135172367385651E-006
   6.5259008890130661E-006
   6.5381708113923487E-006
   6.5504622759069951E-006
   6.5626828788918967E-006
   6.5749497430721207E-006
   6.5871590705592173E-006
   6.5993431098270295E-006
   6.6116335334426746E-006
   6.6238655687891381E-006
   6.6360481818028075E-006
   6.6482388471337026E-006
   6.6605077322677011E-006
   6.6727917024939681E-006
   6.6850174220704641E-006
   6.6973130820546726E-006
   6.7096137452051102E-006
   6.7219334043942163E-006
   6.7343593147171284E-006
   6.7467303383194117E-006
   6.7591325692382366E-006
   6.7716103060625589E-006
   6.7841173413753212E-006
   6.7967670006903814E-006
   6.8094561802781026E-006
   6.8222353976607645E-006
   6.8351184960372298E-006
   6.8480274649143577E-006
   6.8610883886077166E-006
   6.8741397655760579E-006
   6.8872916305816148E-006
   6.9005984862148900E-006
   6.9140204305164783E-006
   6.9274992187529484E-006
   6.9411943224490250E-006
   6.9549937688363652E-006
   6.9690002810216258E-006
   6.9831259896275111E-006
   6.9974058234073726E-006
   7.0118338058332933E-006
   7.0264972167232760E-006
   7.0414104646560294E-006
   7.0565423524661438E-006
   7.0718622421534858E-006
   7.0873993520664983E-006
   7.1032591897139161E-006
   7.1193509701171199E-006
   7.1358501127686816E-006
   7.1525321190142885E-006
   7.1695977119906412E-006
   7.1870136311153980E-006
   7.2047231652538658E-006
   7.2228230407707723E-006
   7.2413048080289500E-006
   7.2602266534645404E-006
   7.2795136396649001E-006
   7.2993803015386481E-006
   7.3197073875956414E-006
   7.3405807060747496E-006
   7.3619342483202110E-006
   7.3837772548975375E-006
   7.4061643920204871E-006
   7.4292706284383361E-006
   7.4529196169039225E-006
   7.4772167440902437E-006
   7.5020701324619220E-006
   7.5275280320583051E-006
   7.5536935436334021E-006
   7.5805468464096289E-006
   7.6078801000785325E-006
   7.6360220846911343E-006
   7.6645728739621977E-006
   7.6938927162268138E-006
   7.7237511128406516E-006
   7.7541750249148687E-006
   7.7853285840600099E-006
   7.8171294133618304E-006
   7.8494694897417634E-006
   7.8822295221922492E-006
   7.9155470943017951E-006
   7.9494233205725870E-006
   7.9838690716701869E-006
   8.0192398772478672E-006
   8.0550012301020611E-006
   8.0911105034647560E-006
   8.1278182691245372E-006
   8.1647046849259463E-006
   8.2025237166118279E-006
   8.2409266133095220E-006
   8.2799064807132609E-006
   8.3191765382116440E-006
   8.3592785174681480E-006
   8.3998632123181725E-006
   8.4410512646060290E-006
   8.4825758072122316E-006
   8.5249063897550635E-006
   8.5680306258679576E-006
   8.6119409191418098E-006
   8.6566398492661355E-006
   8.7022886443068906E-006
   8.7488911569890921E-006
   8.7963116529348316E-006
   8.8451724588145250E-006
   8.8956281408077569E-006
   8.9472322438205994E-006
   9.0002039331263981E-006
   9.0551891069718680E-006
   9.1122587801120446E-006
   9.1720356842084547E-006
   9.2339656543810320E-006
   9.2978463587568256E-006
   9.3652981173785388E-006
   9.4355176258495220E-006
   9.5090582207194086E-006
   9.5860345077417240E-006
   9.6668314061806384E-006
   9.7525063494535017E-006
   9.8422937115655482E-006
   9.9363731105006061E-006
   1.0034790868089965E-005
   1.0138701026338540E-005
   1.0247630703133793E-005
   1.0361894392044577E-005
   1.0481156750615246E-005
   1.0606568486293502E-005
   1.0737120731496183E-005
   1.0872196634023090E-005
   1.1013084372245743E-005
   1.1159496483002013E-005
   1.1311635578965487E-005
   1.1468153565952561E-005
   1.1628645345956186E-005
   1.1796599742505806E-005
   1.1968265187657205E-005
   1.2145820130950922E-005
   1.2329642021426115E-005
   1.2518447628745607E-005
   1.2712837312041333E-005
   1.2914364928811735E-005
   1.3121969460816399E-005
   1.3337619759988549E-005
   1.3562358713344325E-005
   1.3795447687968824E-005
   1.4038065896769453E-005
   1.4294270872527996E-005
   1.4564743446452060E-005
   1.4850872951868179E-005
   1.5156013921123272E-005
   1.5483169802981464E-005
   1.5841808812231281E-005
   1.6232569581979922E-005
   1.6581525056958136E-005
   1.6755219573490901E-005
   1.6819472462894196E-005
   1.6857289240930904E-005
   1.6872651574255573E-005
   1.6880646847702118E-005
   1.6885801615378685E-005
   1.6887892758950573E-005
   1.6889095512817348E-005
   1.6889808639672638E-005
   1.6890217803215197E-005
   1.6890469769592806E-005
   1.6890603389666874E-005
   1.6890662356222738E-005
   1.6890697519586252E-005
   1.6890713584803862E-005
   1.7037281850143010E-005
   1.7176962717679057E-005
   1.7308641897148351E-005
   1.7430360394515132E-005
   1.7547594595703542E-005
   1.7655403613783620E-005
   1.7756093555982691E-005
   1.7851381974214370E-005
   1.7934440955202329E-005
   1.8005777732431612E-005
   1.8071999026620063E-005
   1.8127104270434736E-005
   1.8181220494059464E-005
   1.8233525555646345E-005
   1.8276314180830199E-005
   1.8316874215362734E-005
   1.8354765170206616E-005
   1.8388922090327654E-005
   1.8417825934155006E-005
   1.8446025171853990E-005
   1.8470393433011147E-005
   1.8495115235276248E-005
   1.8517403263601202E-005
   1.8537208575462632E-005
   1.8555473631077589E-005
   1.8571348995064705E-005
   1.8586973926862583E-005
   1.8600039840748530E-005
   1.8611899803945836E-005
   1.8623115803231511E-005
   1.8633110946368011E-005
   1.8642852891428512E-005
   1.8650989272093994E-005
   1.8659253077496732E-005
   1.8666475576087511E-005
   1.8672816971856970E-005
   1.8679248605913049E-005
   1.8684631546678349E-005
   1.8689435916976578E-005
   1.8694321647631382E-005
   1.8697586994157671E-005
   1.8700409438940370E-005
   1.8703894365017525E-005
   1.8706399704991595E-005
   1.8709020960650445E-005
   1.8711578845312280E-005
   1.8713882537897927E-005
   1.8716027162426729E-005
   1.8717859830333103E-005
   2.1070872964801259E-005
   2.1070872964801401E-005
   2.1070872964801401E-005
   2.1070872964801401E-005
   2.1070872964801401E-005
   2.1070872964801401E-005
   2.1070872964801401E-005
   2.1070872964801401E-005
   2.1070872964801401E-005
   2.1070872964801401E-005
   2.1070872964801401E-005
   2.1070872964801401E-005
   2.1070872964803865E-005
   2.1070872964803865E-005
   2.1070872964803865E-005
   2.1070872964803865E-005
   2.1070872964803865E-005
   2.1070872964803865E-005
   2.1070872964803865E-005
   2.1070872964822794E-005
   2.1070872964822794E-005
   2.1070872964822794E-005
   2.1070872964822794E-005
   2.1070872964822794E-005
   2.1070872964999329E-005
   2.1070872968415406E-005
   2.1070872968415406E-005
   2.1070872968415406E-005
   2.1070872970736531E-005
   2.1070872970736531E-005
   2.1070872970736531E-005
   2.1070872970736531E-005
   2.1070872981452697E-005
   2.1070872981452697E-005
   2.1070872981468537E-005
   2.1070872981468537E-005
   2.1070872981468574E-005
   2.1070872981617252E-005
   2.1070872981617320E-005
   2.1070872981886334E-005
   2.1070872981886923E-005
   2.1070872985009534E-005
   2.1070872985009534E-005
   2.1070872986191338E-005
   2.1070872986191541E-005
   2.1070872986872902E-005
   2.1070872986889151E-005
   2.1070872991843565E-005
   2.1070872991882342E-005
   2.1070873011478921E-005
   2.1070873025544506E-005
   2.1070873026413836E-005
   2.1070873037157446E-005
   2.1070873037982009E-005
   2.1070873039003094E-005
   2.1070873053745268E-005
   2.1070873056331822E-005
   2.1070873063380732E-005
   2.1070873072219982E-005
   2.1070873088762993E-005
   2.1070873096082428E-005
   2.1070873105349002E-005
   2.1070873117058898E-005
   2.1070873133232463E-005
   2.1070873150582029E-005
   2.1070873173485010E-005
   2.1070873206707601E-005
   2.1070873231816012E-005
   2.1070873268060379E-005
   2.1070873300507741E-005
   2.1070873387695401E-005
   2.1070873415339659E-005
   2.1070873460120458E-005
   2.1070873519268359E-005
   2.1070873603363206E-005
   2.1070873659022514E-005
   2.1070873744020664E-005
   2.1070873862107614E-005
   2.1070874015591861E-005
   2.1070874145467474E-005
   2.1070874333939643E-005
   2.1070874469556073E-005
   2.1070874628030841E-005
   2.1070874887195286E-005
   2.1070875162315162E-005
   2.1070875444508583E-005
   2.1070875705239480E-005
   2.1070876144560704E-005
   2.1070876504907269E-005
   2.1070877045764342E-005
   2.1070877510108369E-005
   2.1070878102034637E-005
   2.1070878742738934E-005
   2.1070879488497234E-005
   2.1070880371627300E-005
   2.1070881317073617E-005
   2.1070882448001417E-005
   2.1070883699429523E-005
   2.1070885135242136E-005
   2.1070886725005945E-005
   2.1070888499718270E-005
   2.1070890553739513E-005
   2.1070892843052560E-005
   2.1070895464976244E-005
   2.1070898390832260E-005
   2.1070901738685339E-005
   2.1070905515331009E-005
   2.1070909765301955E-005
   2.1070914561291854E-005
   2.1070919973760274E-005
   2.1070926128829621E-005
   2.1070933036470859E-005
   2.1070940917018388E-005
   2.1070949764030077E-005
   2.1070959795741053E-005
   2.1070971071877152E-005
   2.1070983791248407E-005
   2.1070998192480468E-005
   2.1071014391894254E-005
   2.1071032716772730E-005
   2.1071053327457842E-005
   2.1071076571780243E-005
   2.1071102787806395E-005
   2.1071132249981354E-005
   2.1071165435136258E-005
   2.1071202694132775E-005
   2.1071244542500855E-005
   2.1071291472425021E-005
   2.1071344153153765E-005
   2.1071403006288580E-005
   2.1071468822116422E-005
   2.1071542207655102E-005
   2.1071623921222489E-005
   2.1071714633095175E-005
   2.1071815040906746E-005
   2.1071925939535138E-005
   2.1072047777455787E-005
   2.1072181042178696E-005
   2.1072326049018013E-005
   2.1072482578868197E-005
   2.1072650203548332E-005
   2.1072827634496294E-005
   2.1073012807704133E-005
   2.1073202419258390E-005
   2.1073391550388537E-005
   2.1073573067871897E-005
   2.1073736848092477E-005
   2.1073869224507956E-005
   2.1073951227125255E-005
   2.1073957696630603E-005
   2.1073854677353748E-005
   2.1073597759326287E-005
   2.1073127991997731E-005
   2.1072368725934531E-005
   2.1071220394808986E-005
   2.1069553978129365E-005
   2.1067203638764004E-005
   2.1063957594039597E-005
   2.1059546185475922E-005
   2.1053628898490532E-005
   2.1045778771598799E-005
   2.1035464769724843E-005
   2.1022033030578679E-005
   2.1004688041458413E-005
   2.0982475272651123E-005
   2.0954268756400516E-005
   2.0918767681033402E-005
   2.0874506943882604E-005
   2.0819888380667504E-005
   2.0753239014277733E-005
   2.0672901256459085E-005
   2.0577358999852540E-005
   2.0465396582352002E-005
   2.0336284326513315E-005
   2.0189975471276551E-005
   2.0027295898340603E-005
   1.9850100181406893E-005
   1.9661368260120857E-005
   1.9465210043617252E-005
   1.9266744632369476E-005
   1.9071813766790953E-005
   1.8886492946121122E-005
   1.8716380922522944E-005
   1.8565701998175365E-005
   1.8436351096004697E-005
   1.8327134065424255E-005
   1.8233537817168014E-005
   1.8148288521684774E-005
   1.8062631659866571E-005
   1.7967798039228991E-005
   1.7855879506014232E-005
   1.7719680408258572E-005
   1.7551825339051533E-005
   1.7343789249290329E-005
   1.7085279095608495E-005
   1.6764024203459902E-005
   1.6365972683662283E-005
   1.5876027840972575E-005
   1.5279547518469182E-005
   1.4564775867355321E-005
   1.3726131844606728E-005
   1.2767811951706592E-005
   1.1706579466560111E-005
   1.0572244150500195E-005
   1.0000000138484353E-005
   1.0000000138484353E-005
   1.0000000138484353E-005
   1.0000000138484353E-005
   1.0000000138484353E-005
   1.0000000138484353E-005
   1.0000000138484353E-005
   1.0000000138484353E-005
   1.0000000138484353E-005
   1.0000000138484353E-005
   1.0000000138484353E-005
   1.0000000138484353E-005
   1.0000000138484353E-005
   1.0000000138484353E-005
   1.0000000138484353E-005
   1.0000000138484353E-005
   1.0000000138484353E-005
   1.0000000138484353E-005
   1.0000000138484353E-005
   1.0000000138484353E-005
   1.0000000138484353E-005
   1.0000000138484353E-005
   1.0000000138484353E-005
   1.0000000138484353E-005
   1.0000000138484353E-005
   1.0000000138484353E-005
   1.0000000138484353E-005
   1.0000000138484353E-005
   1.0000000138484353E-005
   1.0000000138484353E-005
   1.0000000138484353E-005
   1.0000000138484353E-005
   1.0000000138484353E-005
   1.0000000138484353E-005
   1.0000000138484353E-005
   1.0000000138484353E-005
   1.0000000138484353E-005
   1.0000000138484353E-005
   1.0000000138484353E-005
   1.0000000138484353E-005
   1.0000000138484353E-005
   1.0000000138484353E-005
   1.0000000138484353E-005
   1.0000000138484353E-005
   1.0000000138484353E-005
   1.0000000138484353E-005
   1.0000000138484353E-005
   1.0000000138484353E-005
   1.0000000138484353E-005
   1.0000000138484353E-005
   1.0000000138484353E-005
   1.0000000138484353E-005
   1.0000000138484353E-005
   1.0000000138484353E-005
   1.0000000138484353E-005
   1.0000000138484353E-005
   1.0000000138484353E-005
   1.0000000138484353E-005
   1.0000000138484353E-005
   1.0000000138484353E-005
   1.0000000138484353E-005
   1.0000000138484353E-005
   1.0000000138484353E-005
   1.0000000138484353E-005
   1.0000000138484353E-005
   1.0000000138484353E-005
   1.0000000138484353E-005
   1.0000000138484353E-005
   1.0000000138484353E-005
   1.0000000138484353E-005
   1.0000000138484353E-005
   1.0000000138484353E-005
   1.0000000138484353E-005
   1.0000000138484353E-005
   1.0000000138484353E-005
   1.0000000138484353E-005
   1.0000000138484353E-005
   1.0000000138484353E-005
   1.0000000138484353E-005
   1.0000000138484353E-005
   1.0000000138484353E-005
   1.0000000138484353E-005
   1.0000000138484353E-005
   1.0000000138484353E-005
   1.0000000138484353E-005
   1.0000000138484353E-005
   1.0000000138484353E-005
   1.0000000138484353E-005
   1.0000000138484353E-005
   1.0000000138484353E-005
   1.0000000138484353E-005
   1.0000000138484353E-005
   1.0000000138484353E-005
   1.0000000138484353E-005
   1.0000000138484353E-005
   1.0000000138484353E-005
   1.0000000138484353E-005
