  -9.0136501697480753E+019
  -9.0136501697480745E+018
  -8.2054201669629901E+018
  -7.4696619957999473E+018
  -6.7998773001467576E+018
  -6.1901504141753825E+018
  -5.6350961140561562E+018
  -5.1298120546366280E+018
  -4.6698354709967278E+018
  -4.2511037624601559E+018
  -3.8699186109324826E+018
  -3.5229133166523044E+018
  -3.2070230628585866E+018
  -2.9194578467460925E+018
  -2.6576778376299320E+018
  -2.4193709446778691E+018
  -2.2024323960843197E+018
  -2.0049461493254282E+018
  -1.8251679683070577E+018
  -1.6615100179398433E+018
  -1.5125268400776722E+018
  -1.3769025869564022E+018
  -1.2534393993761298E+018
  -1.1410468269808975E+018
  -1.0387321971937448E+018
  -9.4559184774369267E+017
  -8.6080314534868941E+017
  -7.8361722006199450E+017
  -7.1335235111036890E+017
  -6.4938794580654118E+017
  -5.9115905835655373E+017
  -5.3815140015105466E+017
  -4.8989679747048026E+017
  -4.4596905648571597E+017
  -4.0598019903313229E+017
  -3.6957703591764960E+017
  -3.3643804747858822E+017
  -3.0627054386687123E+017
  -2.7880807995260675E+017
  -2.5380810203102093E+017
  -2.3104980554200349E+017
  -2.1033218488223411E+017
  -1.9147225808546205E+017
  -1.7430345069097622E+017
  -1.5867412452628483E+017
  -1.4444623840993421E+017
  -1.3149412894553741E+017
  -1.1970340063875597E+017
  -1.0896991553453546E+017
  -99198873450878736.     
  -90303974685607216.     
  -82206657800976848.     
  -74835405754116800.     
  -68125114244904256.     
  -62016516702402560.     
  -56455660831233896.     
  -51393432094644536.     
  -46785119925574576.     
  -42590022834425264.     
  -38771088925761448.     
  -35294588648923576.     
  -32129816892220800.     
  -29248821789544228.     
  -26626157844168980.     
  -24238661189287128.     
  -22065245000330264.     
  -20086713252124096.     
  -18285591175942908.     
  -16645970919028466.     
  -15153371043408618.     
  -13794608623082752.     
  -12557682809911890.     
  -11431668839845314.     
  -10406621543326524.     
  -9473487507664122.0     
  -8624025115568886.0     
  -7850731753622298.0     
  -7146777547767819.0     
  -6505945040564114.0     
  -5922574277418366.0     
  -5391512816790757.0     
  -4908070222850770.0     
  -4467976638655796.5     
  -4067345073962467.0     
  -3702637074589505.0     
  -3370631470117363.5     
  -3068395923898401.5     
  -2793261034101863.5     
  -2542796757049195.0     
  -2314790944606042.0     
  -2107229806069186.8     
  -1918280121984019.8     
  -1746273052801630.2     
  -1589689399370489.0     
  -1447146185080585.2     
  -1317384441150956.5     
  -1199258087177955.2     
  -1091723808735133.9     
  -993831842621787.25     
  -904717588373713.38     
  -823593971947468.38     
  -749744494132701.50     
  -682516902294853.25     
  -621317429555824.88     
  -565605550531973.12     
  -514889207311112.12     
  -468720463503441.06     
  -426691547982150.06     
  -388431253371268.38     
  -353601657471514.50     
  -321895138667157.06     
  -293031658953396.12     
  -266756290587436.94     
  -242836964518179.41     
  -221062420708217.56     
  -201240342245006.72     
  -183195656761312.28     
  -166768990162762.78     
  -151815259005534.78     
  -138202389091781.39     
  -125810148965195.97     
  -114529088003921.25     
  -104259569731839.14     
  -94910891810262.875     
  -86400484937628.781     
  -78653183581720.484     
  -71600562103391.422     
  -65180330408305.008     
  -59335783788973.609     
  -54015302097996.508     
  -49171893829099.711     
  -44762781079214.508     
  -40749021725901.070     
  -37095165483115.969     
  -33768940797543.340     
  -30740969820097.406     
  -27984508935171.812     
  -25475212555939.770     
  -23190918099500.570     
  -21111450242731.965     
  -19218442729998.941     
  -17495176158890.584     
  -15926430311277.898     
  -14498349725452.328     
  -13198321322052.580     
  -12014863002948.623     
  -10937522239167.131     
  -9956783752167.3594     
  -9063985473091.3008     
  -8251242037723.9512     
  -7511375141456.7295     
  -6837850139135.8154     
  -6224718329833.2920     
  -5666564416788.9590     
  -5158458678479.4893     
  -4695913428380.1270     
  -4274843378863.8604     
  -3891529559163.9380     
  -3542586468716.8008     
  -3224932175777.0684     
  -2935761097210.2578     
  -2672519219048.8223     
  -2432881538955.0732     
  -2214731531358.2773     
  -2016142453898.2217     
  -1835360330070.2673     
  -1670788457771.1887     
  -1520973306922.5493     
  -1384591681616.5354     
  -1260439033398.0618     
  -1147418822463.6682     
  -1044532832813.4427     
  -950872355817.41467     
  -865610164328.11926     
  -787993206453.07727     
  -717335954457.24036     
  -653014350051.66235     
  -594460292591.97351     
  -541156621505.45142     
  -492632548630.46112     
  -448459500125.87927     
  -408247331225.40009     
  -371640880404.76379     
  -338316832527.61023     
  -307980863264.70850     
  -280365039565.49017     
  -255225453222.39240     
  -232340066627.17239     
  -211506751692.51727     
  -192541504618.33643     
  -175276820735.19498     
  -159560215071.21851     
  -145252875575.81342     
  -132228437105.23756     
  -120371865341.61186     
  -109578440787.94801     
  -99752833865.629990     
  -90808262945.446075     
  -82665727875.732285     
  -75253312238.005966     
  -68505548167.480766     
  -62362838128.430626     
  -56770928537.420265     
  -51680430585.335426     
  -47046384026.028282     
  -42827860078.870445     
  -38987599937.978874     
  -35491685695.354393     
  -32309240771.467823     
  -29412157207.436314     
  -26774847410.183960     
  -24374018157.953545     
  -22188464870.140800     
  -20198884324.405956     
  -18387704166.941875     
  -16738927710.103428     
  -15237992646.619091     
  -13871642432.523745     
  -12627809202.840517     
  -11495507185.902275     
  -10464735674.926575     
  -9526390699.8710823     
  -8672184619.4387779     
  -7894572923.0534296     
  -7186687596.3074112     
  -6542276461.3519154     
  -5955647956.4731922     
  -5421620867.1367617     
  -4935478564.5153131     
  -4492927347.3256311     
  -4090058519.0423150     
  -3723313865.5464973     
  -3389454228.3020511     
  -3085530895.4912543     
  -2808859558.4311318     
  -2556996603.2486682     
  -2327717528.4182196     
  -2118997297.5409992     
  -1928992453.8383684     
  -1756024838.3909919     
  -1598566768.3200166     
  -1455227544.0013609     
  -1324741166.1420743     
  -1205955154.2338192     
  -1097820367.6257970     
  -999381739.31496119     
  -909769840.61261165     
  -828193202.18482149     
  -753931323.64476228     
  -686328309.95622373     
  -624787078.44391882     
  -568764085.24571109     
  -517764524.62985492     
  -471337958.77664429     
  -429074339.42592615     
  -390600386.25286758     
  -355576289.98512453     
  -323692711.14272368     
  -294668047.89292830     
  -268245948.88929796     
  -244193049.12783012     
  -222296908.82286447     
  -202364137.09848285     
  -184218683.92351493     
  -167700285.20417228     
  -152663047.30109334     
  -138974158.46896899     
  -126512715.83794546     
  -115168657.57648450     
  -104841790.80432981     
  -95440906.669934392     
  -86882974.776532635     
  -79092409.841885865     
  -72000404.114690661     
  -65544319.651433840     
  -59667135.086159520     
  -54316942.006920934     
  -49446486.490811341     
  -45012751.748330355     
  -40976578.190916426     
  -37302317.566012040     
  -33957518.104917556     
  -30912637.902596641     
  -28140783.997952830     
  -25617474.850081172     
  -23320424.112643216     
  -21229343.796616476     
  -19325765.082917172     
  -17592875.202276640     
  -16015368.941665759     
  -14579313.465742154     
  -13272025.259398229     
  -12081958.104543608     
  -10998601.101710467     
  -10012385.835790535     
  -9114601.8659726102     
  -8297319.7934728125     
  -7553321.2275760844     
  -6876035.0314366370     
  -6259479.2845472749     
   0.0000000000000000     
   62594792.845472746     
   70802715.117135972     
   80086924.807530358     
   90588553.200478867     
   102467237.82537314     
   115903549.14185868     
   131101735.43052983     
   148292827.61531329     
   167738151.21461776     
   189733298.80718070     
   214612623.39892629     
   242754320.99547848     
   274586179.64161479     
   310592082.32005674     
   351319362.56157023     
   397387124.58059901     
   449495654.41261709     
   508437065.11393863     
   575107337.84397495     
   650519941.86903834     
   735821240.52832639     
   832307917.35151100     
   941446687.22612405     
   1064896592.2484673     
   1204534221.1821117     
   1362482235.8904350     
   1541141638.3796859     
   1743228268.9508913     
   1971814090.2769189     
   2230373884.9729071     
   2522838076.5199394     
   2853652476.4842920     
   3227845866.2626624     
   3651106440.6781521     
   4129868275.4626679     
   4671409133.0366898     
   5283961093.3532429     
   5976835691.5295486     
   6760565464.5105791     
   7647064058.4460497     
   8649807330.6077747     
   9784038198.8169079     
   11066998352.341583     
   12518190346.552561     
   14159674065.494537     
   16016402058.964855     
   18116598851.631428     
   20492189990.149731     
   23179287350.317276     
   26218738081.524719     
   29656745533.127239     
   33545571601.572479     
   37944331174.816025     
   42919890750.546188     
   48547884888.308395     
   54913865946.838394     
   62114604584.010567     
   70259560788.582993     
   79472547805.211426     
   89893614246.417709     
   101681173001.90353     
   115014409307.22231     
   130096004577.38252     
   147155217410.96777     
   166451368599.78482     
   188277783120.42673     
   212966249030.81912     
   240892061052.40271     
   272479725506.53754     
   308209413327.10468     
   348624259242.94617     
   394338618086.60242     
   446047403735.27991     
   504536652647.31873     
   570695472572.76648     
   645529558072.99792     
   730176478301.72253     
   825922969440.25488     
   934224494653.10181     
   1056727368898.9923     
   1195293784921.3984     
   1352030120844.0530     
   1529318959681.3564     
   1729855307499.1975     
   1956687560786.2922     
   2213263845789.9380     
   2503484434230.4688     
   2831761032177.0449     
   3203083843347.8384     
   3623097426278.3374     
   4098186498479.1172     
   4635572991910.5615     
   5243425835135.9248     
   5930985130975.0068     
   6708702617309.8799     
   7588400546217.8076     
   8583451396587.5020     
   9708981152069.1504     
   10982099234430.381     
   12422158587584.967     
   14051049865887.930     
   15893534198717.117     
   17977619589767.766     
   20334986672787.293     
   23001470295755.582     
   26017604254176.168     
   29429237454087.266     
   33288230871220.027     
   37653245900931.336     
   42590636082789.234     
   48175455755109.836     
   54492600972221.797     
   61638100027789.094     
   69720573201716.945     
   78862883920569.141     
   89204006431146.281     
   100901138378133.00     
   114132090399567.00     
   129097989064887.70     
   146026334243511.72     
   165174457379657.62     
   186833433243405.31     
   211332504621365.19     
   239044087207639.88     
   270389430775509.88     
   305845022686541.56     
   345949831078247.50     
   391313497835563.88     
   442625605889281.38     
   500666161715640.75     
   566317452383841.62     
   640577457393013.88     
   724575019174892.88     
   819587002872296.50     
   927057706242916.88     
   1048620814742581.9     
   1186124235531964.5     
   1341658187913859.2     
   1517586977209855.0     
   1716584935077971.0     
   1941677072607859.8     
   2196285064170029.8     
   2484279261029590.0     
   2810037525394716.0     
   3178511779248962.5     
   3595303279590646.0     
   4066747764354529.0     
   4600011763337416.0     
   5203201538170911.0     
   5885486307361488.0     
   6657237629568399.0     
   7530187063914854.0     
   8517604503961024.0     
   9634499896232254.0     
   10897851409669544.     
   12326863524455584.     
   13943258963480508.     
   15771608904160868.     
   17839706490233264.     
   20178989321356352.     
   22825017342877224.     
   25818013400268144.     
   29203474675318712.     
   33032864298657612.     
   37364393651955736.     
   42263907251756088.     
   47805883666241296.     
   54074567680091552.     
   61165250917716240.     
   69185720391890776.     
   78257896997500176.     
   88519688857488192.     
   1.0012708769412522E+017
   1.1325654009298922E+017
   1.2810762970575722E+017
   1.4490611116455411E+017
   1.6390734182704480E+017
   1.8540016351897923E+017
   2.0971129328138877E+017
   2.3721028986714237E+017
   2.6831517148364934E+017
   3.0349877017823418E+017
   3.4329591946057254E+017
   3.8831158442279526E+017
   4.3923005794497766E+017
   4.9682536277952762E+017
   5.6197301763881171E+017
   6.3566334614486746E+017
   7.1901653095343078E+017
   8.1329964189328166E+017
   9.1994589696934426E+017
   1.0405764490202248E+018
   1.1770250292138898E+018
   1.3313658219926054E+018
   1.5059449952002163E+018
   1.7034163646880640E+018
   1.9267817355449464E+018
   2.1794365331869059E+018
   2.4652214179549225E+018
   2.7884806678252073E+018
   3.1541282167203261E+018
   3.5677223522838344E+018
   4.0355502086154839E+018
   4.5647233383593887E+018
   5.1632858169571717E+018
   5.8403365223822766E+018
   6.6061674491561912E+018
   7.4724201591879240E+018
   8.4522627476798484E+018
   9.5605900141970104E+018
   1.0814249881743714E+019
   1.2232299505692832E+019
   1.3836294965735207E+019
   1.5650618944519229E+019
   1.7702851374094633E+019
   2.0024188684437447E+019
   2.2649918027143758E+019
   2.5619953683069497E+019
   2.8979443807965016E+019
   3.2779456739376333E+019
   3.7077757297513054E+019
   4.1939684880800711E+019
   4.7439146704238297E+019
   5.3659741278992589E+019
   6.0696029211486077E+019
   6.8654970639671157E+019
   7.7657551157269250E+019
   8.7840620942005780E+019
   9.9358975044822548E+019
   1.1238770646299854E+020
   1.2712486776675248E+020
   1.4379448173928977E+020
   1.6264994679568623E+020
   1.8397788894711887E+020
   2.0810251886498683E+020
   2.3539056027759903E+020
   2.6625682461705404E+020
   3.0117051665772845E+020
   3.4066236699975064E+020
   3.8533269981988710E+020
   4.3586055852947177E+020
   4.9301402806048201E+020
   5.5766191069106897E+020
   6.3078693289729786E+020
   7.1350068399131289E+020
   8.0706051363140429E+020
   9.1288864506668974E+020
   1.0325937946609868E+021
   1.1679956263389417E+021
   1.3211524126917544E+021
   1.4943923232249600E+021
   1.6903488153677062E+021
   1.9120006662299239E+021
   2.1627172536388168E+021
   2.4463097747815122E+021
   2.7670891810395657E+021
   3.1299317096952968E+021
   3.5403530086716230E+021
   4.0045919810916340E+021
   4.5297056241972250E+021
   5.1236763042937496E+021
   5.7955330984303804E+021
   6.5554890473573460E+021
   7.4150964061720229E+021
   8.3874222526525772E+021
   9.4872471227395138E+021
   1.0731289692666138E+022
   1.2138460923179682E+022
   1.3730151529154525E+022
   1.5530557144485341E+022
   1.7567046125162259E+022
   1.9870575581582259E+022
   2.2476161964294166E+022
   2.5423413356653118E+022
   2.8757131565880580E+022
   3.2527993165046666E+022
   3.6793319838640824E+022
   4.1617949741922793E+022
   4.7075223119773668E+022
   5.3248097167654666E+022
   6.0230407081916017E+022
   6.8128292468955149E+022
   7.7061810796378875E+022
   8.7166762412590563E+022
   9.8596754877320408E+022
   1.1152553798343479E+023
   1.2614964496519733E+023
   1.4269138004256070E+023
   1.6140219771579793E+023
   1.8256652517986280E+023
   2.0650608596382887E+023
   2.3358479051998756E+023
   2.6421426810550946E+023
   2.9886012404800196E+023
   3.3804901751301239E+023
   3.8237666736415506E+023
   4.3251690781467687E+023
   4.8923193152738432E+023
   5.5338387587051295E+023
   6.2594792845472746E+023
