   1.0198039163621364E-006
   1.0198039163621364E-006
   1.0719493488937599E-006
   1.1286563422935015E-006
   1.1886781822284088E-006
   1.2516596832439730E-006
   1.3174377683648602E-006
   1.3857318016112516E-006
   1.4562347621979965E-006
   1.5287063313837610E-006
   1.6029074001573216E-006
   1.6787264021770637E-006
   1.7558184993000761E-006
   1.8338232405067266E-006
   1.9126725947688601E-006
   1.9922375074979918E-006
   2.0722322650379342E-006
   2.1523942380661948E-006
   2.2325017186169338E-006
   2.3125037852028432E-006
   2.3923624587512176E-006
   2.4718514448131568E-006
   2.5507671135352607E-006
   2.6290233236201104E-006
   2.7065629462097856E-006
   2.7830347816359538E-006
   2.8583330465560551E-006
   2.9324738711279808E-006
   3.0051916885559958E-006
   3.0763743678799764E-006
   3.1460654163964057E-006
   3.2141292187186966E-006
   3.2803462840330689E-006
   3.3445799691986392E-006
   3.4067861730291314E-006
   3.4665522133583671E-006
   3.5239436702572287E-006
   3.5788306346237910E-006
   3.6311810042392158E-006
   3.6808306391693789E-006
   3.7278449414421296E-006
   3.7720347685000230E-006
   3.8136380371839074E-006
   3.8527326858556857E-006
   3.8892176544477694E-006
   3.9230910146413865E-006
   3.9544641093701612E-006
   3.9835138543182952E-006
   4.0101473968864559E-006
   4.0344374410288699E-006
   4.0566783780110637E-006
   4.0769572850694500E-006
   4.0953499526038154E-006
   4.1119282168437738E-006
   4.1266412596613424E-006
   4.1395654420654713E-006
   4.1510888525638162E-006
   4.1617089417203562E-006
   4.1715549589629599E-006
   4.1809339156340833E-006
   4.1899908188727862E-006
   4.1988492209554639E-006
   4.2076515342496766E-006
   4.2163141226626152E-006
   4.2249859654663891E-006
   4.2336388280117605E-006
   4.2422467899231702E-006
   4.2509050902917358E-006
   4.2594701179153914E-006
   4.2680400397051936E-006
   4.2765163554166222E-006
   4.2849790436968590E-006
   4.2934171990227408E-006
   4.3017438531835474E-006
   4.3100732572804224E-006
   4.3184004470428205E-006
   4.3266903023323581E-006
   4.3349298199662279E-006
   4.3431401329004751E-006
   4.3513208351757369E-006
   4.3594788648684213E-006
   4.3675871117561919E-006
   4.3756404611895696E-006
   4.3836843402575086E-006
   4.3917141361945443E-006
   4.3997330130923653E-006
   4.4076897118279737E-006
   4.4156696341767788E-006
   4.4236036514602558E-006
   4.4315195690970920E-006
   4.4393801744661066E-006
   4.4472571392555009E-006
   4.4551017862519502E-006
   4.4629964282445939E-006
   4.4708834521956921E-006
   4.4787091944232548E-006
   4.4866060002118532E-006
   4.4944328409634028E-006
   4.5022267460216206E-006
   4.5101093933970034E-006
   4.5179501818576617E-006
   4.5257637542039532E-006
   4.5336702574847361E-006
   4.5415282593414701E-006
   4.5493950696998769E-006
   4.5573044882331515E-006
   4.5652269284374478E-006
   4.5731537224279729E-006
   4.5811063836486621E-006
   4.5890619450150579E-006
   4.5970543789538445E-006
   4.6051203230874073E-006
   4.6132104700483590E-006
   4.6212876399959963E-006
   4.6294219484589729E-006
   4.6375598836956840E-006
   4.6458074849571414E-006
   4.6540954000514194E-006
   4.6624663651636380E-006
   4.6708722732356921E-006
   4.6792821514140318E-006
   4.6878389045409075E-006
   4.6964502770647656E-006
   4.7051045254099558E-006
   4.7138563035263559E-006
   4.7226569127470620E-006
   4.7316164963751249E-006
   4.7406736617220323E-006
   4.7498139528724927E-006
   4.7590856048930723E-006
   4.7684824971011608E-006
   4.7779367653696010E-006
   4.7875042166357681E-006
   4.7972523741388931E-006
   4.8071860057132969E-006
   4.8172303037179406E-006
   4.8274915619424912E-006
   4.8378360704805060E-006
   4.8484211100304819E-006
   4.8591781921008322E-006
   4.8701470907208052E-006
   4.8812369003734115E-006
   4.8926181457072332E-006
   4.9041970943787959E-006
   4.9160758046672732E-006
   4.9282428561147900E-006
   4.9406471818794088E-006
   4.9533399357248114E-006
   4.9663118430976088E-006
   4.9795924171978377E-006
   4.9931929850400208E-006
   5.0071775721646883E-006
   5.0214161777738159E-006
   5.0360241140871391E-006
   5.0509712095687094E-006
   5.0662938825460827E-006
   5.0819584244485367E-006
   5.0980993480141930E-006
   5.1146237518828070E-006
   5.1316013562530100E-006
   5.1489030345757611E-006
   5.1666020682426149E-006
   5.1847817196439265E-006
   5.2032740649134003E-006
   5.2220939963046178E-006
   5.2414524165667962E-006
   5.2612665562991527E-006
   5.2815198541100689E-006
   5.3021226474738634E-006
   5.3229588551619392E-006
   5.3442990588367843E-006
   5.3659642282573720E-006
   5.3880851231491274E-006
   5.4104152387318173E-006
   5.4332315779003355E-006
   5.4564422873685082E-006
   5.4798992490943865E-006
   5.5036473025300122E-006
   5.5277726635412891E-006
   5.5522542399352716E-006
   5.5770153007028588E-006
   5.6021179449123790E-006
   5.6275294590219341E-006
   5.6532603461890447E-006
   5.6793636118126540E-006
   5.7058207030216916E-006
   5.7326018403258517E-006
   5.7598091665944535E-006
   5.7876501538871548E-006
   5.8156246621349643E-006
   5.8443788765251083E-006
   5.8734197530919475E-006
   5.9028914540130210E-006
   5.9330716189037936E-006
   5.9635945431337941E-006
   5.9946050181863646E-006
   6.0263531599285095E-006
   6.0591236872631395E-006
   6.0929748604561643E-006
   6.1276764272326731E-006
   6.1633361139511968E-006
   6.2001417557890579E-006
   6.2383818791668793E-006
   6.2779022402910949E-006
   6.3193947169418717E-006
   6.3618165787004916E-006
   6.4063978781838022E-006
   6.4525916058425367E-006
   6.5011062731765425E-006
   6.5519913633103040E-006
   6.6053408048339186E-006
   6.6610960707727651E-006
   6.7192659086149398E-006
   6.7804682283539794E-006
   6.8445408492384895E-006
   6.9109679032570539E-006
   6.9806924428263512E-006
   7.0530487865263969E-006
   7.1283214588422986E-006
   7.2068546634970431E-006
   7.2879720321071316E-006
   7.3720206190141906E-006
   7.4592528677991037E-006
   7.5486296297184667E-006
   7.6401830963985398E-006
   7.7350133428926422E-006
   7.8319733575923652E-006
   7.9321252660250559E-006
   8.0339501798341084E-006
   8.1374970655784069E-006
   8.2436271918218517E-006
   8.3514653370297075E-006
   8.4608050316861599E-006
   8.5715810661934453E-006
   8.6848238742156930E-006
   8.7996071267741714E-006
   8.9158400461676541E-006
   9.0339826853596493E-006
   9.1539051059333582E-006
   9.2754435811223901E-006
   9.3995721834280720E-006
   9.5256662062395813E-006
   9.6518976492585264E-006
   9.7830035727980389E-006
   9.9145949719254805E-006
   1.0050003173225988E-005
   1.0107591026636784E-005
   1.0112213094913903E-005
   1.0112977057959918E-005
   1.0113097757709789E-005
   1.0339290349069806E-005
   1.0562643080607142E-005
   1.0781510291853219E-005
   1.0988462860471411E-005
   1.1183875060083926E-005
   1.1369644110780447E-005
   1.1537488244774153E-005
   1.1692747528721363E-005
   1.1839753806112329E-005
   1.1971570200793335E-005
   1.2095687903338154E-005
   1.2211035379089251E-005
   1.2317095449202486E-005
   1.2416901977519424E-005
   1.2510784558424983E-005
   1.2591885283132797E-005
   1.2666589458292377E-005
   1.2732697814740359E-005
   1.2795094304107157E-005
   1.2852384790609168E-005
   1.2903430803595193E-005
   1.2948823859044164E-005
   1.2991077330723664E-005
   1.3030656800111913E-005
   1.3064801275776635E-005
   1.3097947722972078E-005
   1.3126612415854547E-005
   1.3153064407159525E-005
   1.3177537141300596E-005
   1.3198481642231824E-005
   1.3218723772016469E-005
   1.3235920566949775E-005
   1.3251392872811490E-005
   1.3265460248478581E-005
   1.3277817894128779E-005
   1.3288942701096766E-005
   1.3299388531508511E-005
   1.3307741672088853E-005
   1.3314845822188896E-005
   1.3322795663279841E-005
   1.3329470432186555E-005
   1.3335577306450322E-005
   1.3341418518992659E-005
   1.3346046383175432E-005
   1.3351251790468807E-005
   1.3355315338409766E-005
   1.3359061751017286E-005
   1.3362423562686727E-005
   1.3364892346831448E-005
   1.3367777086275581E-005
   1.4365412212516810E-005
   1.4365412212516810E-005
   1.4365412212516810E-005
   1.4365412212516810E-005
   1.4365412212516810E-005
   1.4365412212516810E-005
   1.4365412212516810E-005
   1.4365412212516810E-005
   1.4365412212516810E-005
   1.4365412212516810E-005
   1.4365412212516810E-005
   1.4365412212516810E-005
   1.4365412212516810E-005
   1.4365412212516810E-005
   1.4365412212516810E-005
   1.4365412212516810E-005
   1.4365412212516810E-005
   1.4365412212516810E-005
   1.4365412212516810E-005
   1.4365412212516810E-005
   1.4365412212516810E-005
   1.4365412212516810E-005
   1.4365412212516810E-005
   1.4365412212516810E-005
   1.4365412212516810E-005
   1.4365412212516810E-005
   1.4365412212516810E-005
   1.4365412212516810E-005
   1.4365412212516810E-005
   1.4365412212516810E-005
   1.4365412212516810E-005
   1.4365412212516810E-005
   1.4365412212516810E-005
   1.4365412212516810E-005
   1.4365412212516810E-005
   1.4365412212516810E-005
   1.4365412212516810E-005
   1.4365412212516810E-005
   1.4365412212516810E-005
   1.4365412212516810E-005
   1.4365412212516810E-005
