  -1.8496761285837193E+020
  -1.8496761285837193E+019
  -1.6888602744558453E+019
  -1.5420261864000025E+019
  -1.4079582517917192E+019
  -1.2855465466616742E+019
  -1.1737776468376644E+019
  -1.0717262379907879E+019
  -9.7854745512694170E+018
  -8.9346988810368655E+018
  -8.1578919526642319E+018
  -7.4486227233234545E+018
  -6.8010192824741960E+018
  -6.2097202393878405E+018
  -5.6698303371718574E+018
  -5.1768799258311537E+018
  -4.7267879588512717E+018
  -4.3158282069588941E+018
  -3.9405984093495711E+018
  -3.5979921069912658E+018
  -3.2851729248168223E+018
  -2.9995510898922926E+018
  -2.7387619911593298E+018
  -2.5006466032516726E+018
  -2.2832336123180644E+018
  -2.0847230958745469E+018
  -1.9034716215746245E+018
  -1.7379786415327204E+018
  -1.5868740695620086E+018
  -1.4489069384808553E+018
  -1.3229350435837670E+018
  -1.2079154865370317E+018
  -1.1028960414136973E+018
  -1.0070072713888605E+018
  -9.1945533083082458E+017
  -8.3951539319795738E+017
  -7.6652565033199885E+017
  -6.9988183346906995E+017
  -6.3903221060882854E+017
  -5.8347301882590272E+017
  -5.3274429370854797E+017
  -4.8642606139720243E+017
  -4.4413486169753126E+017
  -4.0552057348344147E+017
  -3.7026351610815962E+017
  -3.3807180282648589E+017
  -3.0867892431768442E+017
  -2.8184154230344448E+017
  -2.5733747499467171E+017
  -2.3496385768899462E+017
  -2.1453546329090694E+017
  -1.9588316885044013E+017
  -1.7885255542511677E+017
  -1.6330262967370096E+017
  -1.4910465659805101E+017
  -1.3614109376955795E+017
  -1.2430461821682518E+017
  -1.1349723791837029E+017
  -1.0362948054455765E+017
  -94619652732506384.     
  -86393163761644304.     
  -78881908030741760.     
  -72023701224065088.     
  -65761765498772752.     
  -60044259431513464.     
  -54823848832741216.     
  -50057314875596264.     
  -45705196295123032.     
  -41731462695657560.     
  -38103216261755488.     
  -34790419403180496.     
  -31765646079175200.     
  -29003854743273720.     
  -26482181028907424.     
  -24179748459485872.     
  -22077495615856028.     
  -20158018330291004.     
  -18405425600560936.     
  -16805208031224840.     
  -15344117712993106.     
  -14010058545703628.     
  -12791986096915538.     
  -11679816167068142.     
  -10664341304232662.     
  -9737154577297664.0     
  -8890579976520258.0     
  -8117608865241971.0     
  -7411841956664591.0     
  -6767436335322391.0     
  -6179057084650983.0     
  -5641833120186514.0     
  -5151316862746121.0     
  -4703447417731363.0     
  -4294516955722767.0     
  -3921140016036575.0     
  -3580225479113434.0     
  -3268950975703556.0     
  -2984739520986650.0     
  -2725238180184779.0     
  -2488298589044633.0     
  -2271959167921870.0     
  -2074428882221114.8     
  -1894072414747344.5     
  -1729396627213196.0     
  -1579038198819516.2     
  -1441752339571208.2     
  -1316402484887980.5     
  -1201950886193558.5     
  -1097450019584562.2     
  -1002034741452991.2     
  -914915126120141.38     
  -835369926186042.50     
  -762740601453820.00     
  -696425866995564.00     
  -635876715224117.88     
  -580591870759432.00     
  -530113640461152.94     
  -484024124270622.56     
  -441941755492539.94     
  -403518141873909.62     
  -368435181328145.00     
  -336402428425932.25     
  -307154689850514.19     
  -280449828910607.81     
  -256066760934913.75     
  -233803622952462.16     
  -213476102505906.44     
  -194915911762317.56     
  -177969394288920.00     
  -162496252959520.16     
  -148368388460196.56     
  -135468838778451.97     
  -123690810896052.38     
  -112936796669113.64     
  -103117765575969.77     
  -94152427649727.031     
  -85966560493460.516     
  -78492394806531.906     
  -71668053334914.438     
  -65437038600696.539     
  -59747765169770.414     
  -54553132585435.062     
  -49810135432308.961     
  -45479507302342.656     
  -41525395715390.812     
  -37915065303070.539     
  -34618626798619.449     
  -31608789589109.230     
  -28860635781440.746     
  -26351413911653.398     
  -24060350589706.074     
  -21968478520371.207     
  -20058479476458.375     
  -18314540924370.863     
  -16722225115025.516     
  -15268349556361.877     
  -13940877877896.029     
  -12728820183805.076     
  -11622142069585.119     
  -10611681549046.883     
  -9689073203903.9863     
  -8846678928000.9902     
  -8077524692826.3691     
  -7375242810802.8008     
  -6734019218363.4668     
  -6148545342380.7480     
  -5613974151457.6973     
  -5125880028239.6299     
  -4680222130535.3672     
  -4273310937922.1445     
  -3901777706879.0747     
  -3562546581574.2944     
  -3252809129415.6338     
  -2970001090549.6816     
  -2711781148822.2788     
  -2476011548449.2422     
  -2260740395926.3291     
  -2064185500658.9814     
  -1884719620531.6233     
  -1720856990267.0291     
  -1571241021046.7266     
  -1434633069559.6406     
  -1309902183500.1567     
  -1196015738620.2939     
  -1092030889821.9958     
  -997086765514.56018     
  -910397340615.83362     
  -831244929193.95959     
  -758974242876.48608     
  -692986965837.50903     
  -632736801450.09509     
  -577724949596.19971     
  -527495977191.48181     
  -481634047737.90900     
  -439759478689.24835     
  -401525598128.55328     
  -366615874734.60339     
  -334741297276.85834     
  -305637981944.20709     
  -279064987699.03998     
  -254802321570.36603     
  -232649117372.13736     
  -212421972768.75052     
  -193953430920.56668     
  -177090594139.29486     
  -161693858075.92258     
  -147635755961.78625     
  -134799903334.44627     
  -123080034511.96071     
  -112379122838.69156     
  -102608577419.32478     
  -93687509691.014282     
  -85542063761.725906     
  -78104804970.785019     
  -71314161609.622406     
  -65113915180.835030     
  -59452734975.501518     
  -54283753115.610207     
  -49564176543.446800     
  -45254932745.678627     
  -41320346279.145073     
  -37727843420.372536     
  -34447682493.661858     
  -31452707645.180759     
  -28718124024.605572     
  -26221292513.078499     
  -23941542298.073975     
  -21859999743.512547     
  -19959432138.371990     
  -18224105030.216366     
  -16639651962.535643     
  -15192955537.473007     
  -13872038819.281721     
  -12665966179.459141     
  -11564752762.673498     
  -10559281823.968664     
  -9641229252.8957481     
  -8802994659.7217407     
  -8037638453.1893873     
  -7338824388.9075556     
  -6700767112.7397938     
  -6118184264.9131851     
  -5586252748.3254080     
  -5100568799.0039597     
  -4657111528.1476545     
  -4252209633.9218268     
  -3882511007.4203873     
  -3544954981.1676912     
  -3236746990.4110374     
  -2955335437.4288721     
  -2698390567.3188839     
  -2463785180.3821673     
  -2249577021.4251027     
  -2053992700.1829162     
  -1875413009.7452948     
  -1712359521.4377818     
  -1563482345.1805146     
  -1427548953.9945822     
  -1303433980.1360090     
  -1190109898.3815660     
  -1086638519.3348913     
  -992163222.32768536     
  -905901863.61346388     
  -827140301.14221227     
  -755226482.30862880     
  -689565045.72759414     
  -629612392.34588158     
  -574872185.08477259     
  -524891239.75595415     
  -479255773.23229510     
  -437587977.81284606     
  -399542893.42180431     
  -364805551.74699646     
  -333088368.67467946     
  -304128763.43314302     
  -277686984.73440146     
  -253544125.91703168     
  -231500312.65785667     
  -211373048.24889797     
  -192995702.74042469     
  -176216133.44200069     
  -160895425.36091372     
  -146906741.15029183     
  -134134271.04585485     
  -122472274.09800221     
  -111824202.76178746     
  -102101903.59740607     
  -93224887.463954240     
  -85119663.164514199     
  -77719129.025945991     
  -70962017.376377538     
  -64792387.321327150     
  -59159161.619246371     
  -54015703.822354779     
  -49319432.181999378     
  -45031467.122125320     
  -41116309.362360805     
  -37541546.025950707     
  -34277582.299464852     
  -31297396.422736369     
   0.0000000000000000     
   312973964.22736371     
   804942060.47240222     
   2070241600.8216536     
   5324482961.2423363     
   13694111254.120356     
   35220073837.267120     
   90582994258.157120     
   232971653798.49762     
   599183013523.74890     
   1541047066635.5232     
   3963440231090.2935     
   10193626661722.496     
   26217129175679.617     
   67428196560822.969     
   173419509854748.56     
   446020032155731.31     
   1147125079818417.0     
   2950306833503292.5     
   7587934886049274.0     
   19515514515673248.     
   50192221273758064.     
   1.2909006700134069E+017
   3.3200852593314445E+017
   8.5389731257289254E+017
   2.1961502897248878E+018
   5.6483092569131244E+018
   1.4526964575692546E+019
   3.7362100795939611E+019
   9.6092102972544319E+019
   2.4714060657663944E+020
   6.3562433883376229E+020
   1.6347710144207638E+021
   4.2044901466387194E+021
   1.0813586268194081E+022
   2.7811611848622888E+022
   7.1529068565671759E+022
   1.8396659919320407E+023
   4.7314623687068571E+023
   1.2168913403121814E+024
   3.1297396422736366E+024
