   4.0632770917336937E-006   0.0000000000000000     
   5.4143208974803480E-006   0.0000000000000000     
   7.2145881560798296E-006   0.0000000000000000     
   9.6134461269316134E-006   0.0000000000000000     
   1.2809926836576842E-005   0.0000000000000000     
   1.7069240664775704E-005   0.0000000000000000     
   2.2744780714914024E-005   0.0000000000000000     
   3.0307443660167218E-005   0.0000000000000000     
   4.0384699801124538E-005   0.0000000000000000     
   5.3812653957696100E-005   0.0000000000000000     
   7.1705416661042262E-005   0.0000000000000000     
   9.5547541338059853E-005   0.0000000000000000     
   1.2731719695463739E-004   0.0000000000000000     
   1.6965029568928388E-004   0.0000000000000000     
   2.2605919322678841E-004   0.0000000000000000     
   3.0122410712411389E-004   0.0000000000000000     
   4.0138143208222029E-004   0.0000000000000000     
   5.3484117044454453E-004   0.0000000000000000     
   7.1267640886759774E-004   0.0000000000000000     
   9.4964204669258610E-004   0.0000000000000000     
   1.2653990024440751E-003   0.0000000000000000     
   1.6861454702466480E-003   0.0000000000000000     
   2.2467905706753093E-003   0.0000000000000000     
   2.9938507427458520E-003   0.0000000000000000     
   3.9893091892164532E-003   0.0000000000000000     
   5.3157585914154655E-003   1.1464240930612167E-009
   7.0832537820307165E-003   4.2530888107817669E-009
   9.4384429386385402E-003   1.1123679517016880E-008
   1.2576734908458401E-002   5.7042791077886525E-008
   1.6758512181083561E-002   1.1125945006940545E-007
   2.2330734691294457E-002   3.5934125438732946E-007
   2.9755726908493374E-002   1.1110250651925122E-006
   3.9649536662938696E-002   3.3641787611954802E-006
   5.2833048321094415E-002   9.8087014560962178E-006
   7.0400091144273494E-002   2.9323858928497826E-005
   9.3808193746473298E-002   7.9664526533011176E-005
  0.12499951450264123        1.7329972734338536E-004
  0.16656198144187623        2.6658113925078923E-004
  0.22194401132060174        2.0418948551052181E-004
  0.29574062300807191        6.5175109011628268E-005
  0.39407468386638045        2.8117630119215922E-005
  0.52510492094334005        1.8938182780893459E-005
  0.69970284640869074        1.3870506971008130E-005
  0.93235476139301110        1.0838772545756994E-005
   1.2423636770293720        8.1838758828617358E-006
   1.6554508754756401        6.6479260074706203E-006
   2.2058899916214054        5.5804460088671373E-006
   2.9393506791540505        4.7333644747449917E-006
   3.9166877985120356        4.2198434275102170E-006
   5.2189905137239574        3.7121935296724175E-006
   6.9543102191316919        3.3631413811970475E-006
   9.2666255086581764        3.0369982781047769E-006
   12.347788006563231        2.8345471880129721E-006
   16.453440199193327        2.6165204329152414E-006
   21.924225962134859        2.4831228838075927E-006
   29.214053609427793        2.3208525994551707E-006
   38.927756435667369        2.2241368828147980E-006
   51.871275427029779        2.1350008631424423E-006
   69.118527775248495        2.0449887403987261E-006
   92.100509241157710        1.9281820812565029E-006
   122.72402314561722        1.9042890216065919E-006
   163.52988687184671        1.8548940483949080E-006
   217.90374219225566        1.8292427141749245E-006
   290.35696024543336        1.8052241438353355E-006
   386.90094770646141        1.7820257691607889E-006
   515.54591014324524        1.7504895794864722E-006
   686.96545470102581        1.7430768654989250E-006
   915.38217386199983        1.7377531266940083E-006
   1219.7476867144562        1.7078183251372586E-006
   1625.3150451557306        1.7309621458455670E-006
   2165.7339667724109        1.7502446140164520E-006
   2885.8427348048995        1.7777552788164264E-006
   3845.3884077173038        1.7694639927508964E-006
   5123.9840022697272        1.7954540326407352E-006
   6827.7139450528530        1.8301472234999866E-006
   9097.9358434412316        1.8477757437216309E-006
   12123.008854427359        1.9034488304118856E-006
   16153.921748137405        1.9609252426798922E-006
   21525.117318515084        2.0128371071544980E-006
   28682.240931943441        2.1146803136205650E-006
   38219.115496779355        2.2469020406030966E-006
   50927.010648229239        2.3889517956383368E-006
   67860.293987792626        2.4682471050617191E-006
   90423.911427241081        2.4213402464576884E-006
   120489.95483680644        2.2240698804852838E-006
   160552.98855610055        1.9420986264465222E-006
   213937.02212942563        1.5499792069663042E-006
   285071.30168812518        1.1055848689497308E-006
   379857.80225078925        6.8863438478951016E-007
   506160.91159066890        3.7850471276715388E-007
   674459.93449188024        1.6193990049879088E-007
   898718.55534088297        4.8950389817363686E-008
   1197543.3979225161        1.3552865887440087E-008
   1595727.8075379776        2.2387713852374045E-009
   2126308.9422624172        2.0946975456867791E-010
   2833308.8491581711        4.2739024054391754E-012
   3775386.9511438375        4.3541864585093884E-013
   5030706.9894982167        7.2047431051962343E-016
   6703422.2297448562        4.0993915754058693E-023
   8932317.0051531065        3.0928331842126098E-027
   11902321.582327656        3.6749695378375174E-037
   15859855.731431743        0.0000000000000000     
   21133274.049266435        0.0000000000000000     
   28160109.373269815        0.0000000000000000     
   37523374.658648446        0.0000000000000000     
   49999935.266935006        0.0000000000000000     
   66624965.090166502        0.0000000000000000     
   88777834.402544782        0.0000000000000000     
   118296555.51097512        0.0000000000000000     
   157630281.70193860        0.0000000000000000     
   210042512.24480730        0.0000000000000000     
   279881863.26744068        0.0000000000000000     
   372942870.22598165        0.0000000000000000     
   496946757.56638557        0.0000000000000000     
   662182064.79213011        0.0000000000000000     
   882358281.35732234        0.0000000000000000     
   1175743316.0383906        0.0000000000000000     
   1566679176.0399857        0.0000000000000000     
   2087601610.9601123        0.0000000000000000     
   2781731290.4477043        0.0000000000000000     
   3706659801.1950464        0.0000000000000000     
   4939127991.6127462        0.0000000000000000     
   6581393121.0162392        0.0000000000000000     
   8769713092.4555302        0.0000000000000000     
   11685651701.673561        0.0000000000000000     
   15571142892.953049        0.0000000000000000     
   20748563895.502522        0.0000000000000000     
   27647482698.304775        0.0000000000000000     
   36840299087.820259        0.0000000000000000     
   49089736367.328346        0.0000000000000000     
   65412124121.720345        0.0000000000000000     
   87161722566.574142        0.0000000000000000     
   116143084829.89278        0.0000000000000000     
   154760779807.90973        0.0000000000000000     
   206218898024.20560        0.0000000000000000     
   274786893391.86261        0.0000000000000000     
   366153817634.54041        0.0000000000000000     
   487900338016.33582        0.0000000000000000     
   650127701451.55261        0.0000000000000000     
   866295829826.88269        0.0000000000000000     
