   4.0632770917336937E-006   0.0000000000000000     
   5.4143208974803480E-006   0.0000000000000000     
   7.2145881560798296E-006   0.0000000000000000     
   9.6134461269316134E-006   0.0000000000000000     
   1.2809926836576842E-005   0.0000000000000000     
   1.7069240664775704E-005   0.0000000000000000     
   2.2744780714914024E-005   0.0000000000000000     
   3.0307443660167218E-005   0.0000000000000000     
   4.0384699801124538E-005   0.0000000000000000     
   5.3812653957696100E-005   0.0000000000000000     
   7.1705416661042262E-005   0.0000000000000000     
   9.5547541338059853E-005   0.0000000000000000     
   1.2731719695463739E-004   0.0000000000000000     
   1.6965029568928388E-004   0.0000000000000000     
   2.2605919322678841E-004   0.0000000000000000     
   3.0122410712411389E-004   0.0000000000000000     
   4.0138143208222029E-004   0.0000000000000000     
   5.3484117044454453E-004   0.0000000000000000     
   7.1267640886759774E-004   0.0000000000000000     
   9.4964204669258610E-004   0.0000000000000000     
   1.2653990024440751E-003   0.0000000000000000     
   1.6861454702466480E-003   0.0000000000000000     
   2.2467905706753093E-003   0.0000000000000000     
   2.9938507427458520E-003  0.64695262593178726     
   3.9893091892164532E-003   2.4407226634847250     
   5.3157585914154655E-003   4.5883170468046153     
   7.0832537820307165E-003   21.048239314446249     
   9.4384429386385402E-003   61.386744377032599     
   1.2576734908458401E-002   198.23577032579274     
   1.6758512181083561E-002   560.71834375426579     
   2.2330734691294457E-002   1590.2272075016488     
   2.9755726908493374E-002   3856.4669174080318     
   3.9649536662938696E-002   7485.6568972631158     
   5.2833048321094415E-002   9397.0952649162373     
   7.0400091144273494E-002   5716.8116103365192     
   9.3808193746473298E-002   1942.1926009936312     
  0.12499951450264123        932.99099788128080     
  0.16656198144187623        545.86985169858838     
  0.22194401132060174        344.10581727763048     
  0.29574062300807191        239.65711068455747     
  0.39407468386638045        174.08263863785155     
  0.52510492094334005        135.14396413562605     
  0.69970284640869074        106.77185947238743     
  0.93235476139301110        88.659149787821264     
   1.2423636770293720        74.654425461958169     
   1.6554508754756401        64.436081480898125     
   2.2058899916214054        56.797137873425847     
   2.9393506791540505        50.428200431099079     
   3.9166877985120356        45.706812449528861     
   5.2189905137239574        42.029545993131954     
   6.9543102191316919        38.856989551789006     
   9.2666255086581764        36.197627273515138     
   12.347788006563231        33.812318381502870     
   16.453440199193327        32.415638712842188     
   21.924225962134859        30.901783859474190     
   29.214053609427793        29.829899560880904     
   38.927756435667369        28.391121730028967     
   51.871275427029779        27.498482046643698     
   69.118527775248495        26.873083187092043     
   92.100509241157710        26.623987684023088     
   122.72402314561722        25.979295318795049     
   163.52988687184671        25.705301206211796     
   217.90374219225566        25.532972016744793     
   290.35696024543336        25.455603416830801     
   386.90094770646141        25.357350418827593     
   515.54591014324524        25.366841849732644     
   686.96545470102581        25.831144437265795     
   915.38217386199983        25.878778841487115     
   1219.7476867144562        26.543242614530193     
   1625.3150451557306        26.646818695285244     
   2165.7339667724109        27.358676034470079     
   2885.8427348048995        27.850869970686695     
   3845.3884077173038        28.658907305367499     
   5123.9840022697272        29.641851621044893     
   6827.7139450528530        30.397595005478912     
   9097.9358434412316        31.467630489640147     
   12123.008854427359        32.707552014008812     
   16153.921748137405        33.880366762126584     
   21525.117318515084        35.369830274621059     
   28682.240931943441        36.939070391693853     
   38219.115496779355        38.942593973846783     
   50927.010648229239        41.659815904427226     
   67860.293987792626        43.451253741954190     
   90423.911427241081        44.714664161871930     
   120489.95483680644        42.304513186306934     
   160552.98855610055        34.335314558263399     
   213937.02212942563        21.888293992966904     
   285071.30168812518        9.9465194351488186     
   379857.80225078925        3.0453118789708449     
   506160.91159066890       0.57726043629767010     
   674459.93449188024        5.4151831005963359E-002
   898718.55534088297        3.9285497971518670E-003
   1197543.3979225161        1.4370014212244670E-004
   1595727.8075379776        5.8980612226413402E-009
   2126308.9422624172        2.1252020180871827E-011
   2833308.8491581711        2.1291337494184471E-015
   3775386.9511438375        5.2077679848937002E-020
   5030706.9894982167        0.0000000000000000     
   6703422.2297448562        0.0000000000000000     
   8932317.0051531065        0.0000000000000000     
   11902321.582327656        0.0000000000000000     
   15859855.731431743        0.0000000000000000     
   21133274.049266435        0.0000000000000000     
   28160109.373269815        0.0000000000000000     
   37523374.658648446        0.0000000000000000     
   49999935.266935006        0.0000000000000000     
   66624965.090166502        0.0000000000000000     
   88777834.402544782        0.0000000000000000     
   118296555.51097512        0.0000000000000000     
   157630281.70193860        0.0000000000000000     
   210042512.24480730        0.0000000000000000     
   279881863.26744068        0.0000000000000000     
   372942870.22598165        0.0000000000000000     
   496946757.56638557        0.0000000000000000     
   662182064.79213011        0.0000000000000000     
   882358281.35732234        0.0000000000000000     
   1175743316.0383906        0.0000000000000000     
   1566679176.0399857        0.0000000000000000     
   2087601610.9601123        0.0000000000000000     
   2781731290.4477043        0.0000000000000000     
   3706659801.1950464        0.0000000000000000     
   4939127991.6127462        0.0000000000000000     
   6581393121.0162392        0.0000000000000000     
   8769713092.4555302        0.0000000000000000     
   11685651701.673561        0.0000000000000000     
   15571142892.953049        0.0000000000000000     
   20748563895.502522        0.0000000000000000     
   27647482698.304775        0.0000000000000000     
   36840299087.820259        0.0000000000000000     
   49089736367.328346        0.0000000000000000     
   65412124121.720345        0.0000000000000000     
   87161722566.574142        0.0000000000000000     
   116143084829.89278        0.0000000000000000     
   154760779807.90973        0.0000000000000000     
   206218898024.20560        0.0000000000000000     
   274786893391.86261        0.0000000000000000     
   366153817634.54041        0.0000000000000000     
   487900338016.33582        0.0000000000000000     
   650127701451.55261        0.0000000000000000     
   866295829826.88269        0.0000000000000000     
