   4.0632770917336937E-006   0.0000000000000000     
   5.4143208974803480E-006   0.0000000000000000     
   7.2145881560798296E-006   0.0000000000000000     
   9.6134461269316134E-006   0.0000000000000000     
   1.2809926836576842E-005   0.0000000000000000     
   1.7069240664775704E-005   0.0000000000000000     
   2.2744780714914024E-005   0.0000000000000000     
   3.0307443660167218E-005   0.0000000000000000     
   4.0384699801124538E-005   0.0000000000000000     
   5.3812653957696100E-005   0.0000000000000000     
   7.1705416661042262E-005   0.0000000000000000     
   9.5547541338059853E-005   0.0000000000000000     
   1.2731719695463739E-004   0.0000000000000000     
   1.6965029568928388E-004   0.0000000000000000     
   2.2605919322678841E-004   0.0000000000000000     
   3.0122410712411389E-004   0.0000000000000000     
   4.0138143208222029E-004   0.0000000000000000     
   5.3484117044454453E-004   0.0000000000000000     
   7.1267640886759774E-004   0.0000000000000000     
   9.4964204669258610E-004   0.0000000000000000     
   1.2653990024440751E-003   0.0000000000000000     
   1.6861454702466480E-003   0.0000000000000000     
   2.2467905706753093E-003  0.26953574786297252     
   2.9938507427458520E-003  0.96716046305190806     
   3.9893091892164532E-003   2.9746351069052062     
   5.3157585914154655E-003   6.7230600465088637     
   7.0832537820307165E-003   19.859582533502326     
   9.4384429386385402E-003   63.135257098188802     
   1.2576734908458401E-002   212.29341553853848     
   1.6758512181083561E-002   580.87815143231683     
   2.2330734691294457E-002   1528.8097281033295     
   2.9755726908493374E-002   3822.9993924469895     
   3.9649536662938696E-002   7478.9057039740956     
   5.2833048321094415E-002   9429.9215515075266     
   7.0400091144273494E-002   5728.9116609686198     
   9.3808193746473298E-002   1931.7916761813294     
  0.12499951450264123        937.68114089307744     
  0.16656198144187623        552.13183382521254     
  0.22194401132060174        346.35962646316835     
  0.29574062300807191        240.76520643223623     
  0.39407468386638045        176.04700981705366     
  0.52510492094334005        134.36186474520102     
  0.69970284640869074        108.34507696678477     
  0.93235476139301110        88.268433225396080     
   1.2423636770293720        74.652783403637400     
   1.6554508754756401        64.288720394659649     
   2.2058899916214054        56.324086001487252     
   2.9393506791540505        50.710705267779545     
   3.9166877985120356        45.742572682060924     
   5.2189905137239574        41.691266691155313     
   6.9543102191316919        38.552673638659726     
   9.2666255086581764        36.107310242594693     
   12.347788006563231        33.900827538785599     
   16.453440199193327        32.102316894352448     
   21.924225962134859        30.642784411206801     
   29.214053609427793        29.613294712058302     
   38.927756435667369        28.274601359355287     
   51.871275427029779        27.450490815710467     
   69.118527775248495        26.995097992772738     
   92.100509241157710        26.574053761105844     
   122.72402314561722        26.021041232074683     
   163.52988687184671        25.728693746876814     
   217.90374219225566        25.644890434956579     
   290.35696024543336        25.571346869552706     
   386.90094770646141        25.853552166691358     
   515.54591014324524        25.691048727003793     
   686.96545470102581        26.016861281977068     
   915.38217386199983        26.192378536459351     
   1219.7476867144562        26.796712425825596     
   1625.3150451557306        26.831561037676071     
   2165.7339667724109        27.766739579814342     
   2885.8427348048995        28.168920878786079     
   3845.3884077173038        29.001708130960079     
   5123.9840022697272        29.751261145709570     
   6827.7139450528530        30.963741593662963     
   9097.9358434412316        31.827742600903420     
   12123.008854427359        33.104825489794010     
   16153.921748137405        34.446726834073409     
   21525.117318515084        35.916722764891603     
   28682.240931943441        37.674466004767979     
   38219.115496779355        39.424214076854646     
   50927.010648229239        41.513317632300300     
   67860.293987792626        44.649650962150062     
   90423.911427241081        45.930830226451150     
   120489.95483680644        44.198327701066056     
   160552.98855610055        36.104908132586793     
   213937.02212942563        23.469613315859824     
   285071.30168812518        10.743021715211398     
   379857.80225078925        3.3239960562338680     
   506160.91159066890       0.66516664693671579     
   674459.93449188024        8.8843651413531718E-002
   898718.55534088297        2.8949842145560879E-003
   1197543.3979225161        6.5868588345719515E-005
   1595727.8075379776        2.2003578217269868E-008
   2126308.9422624172        1.1036445928719422E-010
   2833308.8491581711        2.2571391724618085E-015
   3775386.9511438375        1.0050170712104968E-020
   5030706.9894982167        6.2271755443278348E-026
   6703422.2297448562        0.0000000000000000     
   8932317.0051531065        0.0000000000000000     
   11902321.582327656        0.0000000000000000     
   15859855.731431743        0.0000000000000000     
   21133274.049266435        0.0000000000000000     
   28160109.373269815        0.0000000000000000     
   37523374.658648446        0.0000000000000000     
   49999935.266935006        0.0000000000000000     
   66624965.090166502        0.0000000000000000     
   88777834.402544782        0.0000000000000000     
   118296555.51097512        0.0000000000000000     
   157630281.70193860        0.0000000000000000     
   210042512.24480730        0.0000000000000000     
   279881863.26744068        0.0000000000000000     
   372942870.22598165        0.0000000000000000     
   496946757.56638557        0.0000000000000000     
   662182064.79213011        0.0000000000000000     
   882358281.35732234        0.0000000000000000     
   1175743316.0383906        0.0000000000000000     
   1566679176.0399857        0.0000000000000000     
   2087601610.9601123        0.0000000000000000     
   2781731290.4477043        0.0000000000000000     
   3706659801.1950464        0.0000000000000000     
   4939127991.6127462        0.0000000000000000     
   6581393121.0162392        0.0000000000000000     
   8769713092.4555302        0.0000000000000000     
   11685651701.673561        0.0000000000000000     
   15571142892.953049        0.0000000000000000     
   20748563895.502522        0.0000000000000000     
   27647482698.304775        0.0000000000000000     
   36840299087.820259        0.0000000000000000     
   49089736367.328346        0.0000000000000000     
   65412124121.720345        0.0000000000000000     
   87161722566.574142        0.0000000000000000     
   116143084829.89278        0.0000000000000000     
   154760779807.90973        0.0000000000000000     
   206218898024.20560        0.0000000000000000     
   274786893391.86261        0.0000000000000000     
   366153817634.54041        0.0000000000000000     
   487900338016.33582        0.0000000000000000     
   650127701451.55261        0.0000000000000000     
   866295829826.88269        0.0000000000000000     
