   4.0632770917336937E-006   0.0000000000000000     
   5.4143208974803480E-006   0.0000000000000000     
   7.2145881560798296E-006   0.0000000000000000     
   9.6134461269316134E-006   0.0000000000000000     
   1.2809926836576842E-005   0.0000000000000000     
   1.7069240664775704E-005   0.0000000000000000     
   2.2744780714914024E-005   0.0000000000000000     
   3.0307443660167218E-005   0.0000000000000000     
   4.0384699801124538E-005   0.0000000000000000     
   5.3812653957696100E-005   0.0000000000000000     
   7.1705416661042262E-005   0.0000000000000000     
   9.5547541338059853E-005   0.0000000000000000     
   1.2731719695463739E-004   0.0000000000000000     
   1.6965029568928388E-004   0.0000000000000000     
   2.2605919322678841E-004   0.0000000000000000     
   3.0122410712411389E-004   0.0000000000000000     
   4.0138143208222029E-004   0.0000000000000000     
   5.3484117044454453E-004   0.0000000000000000     
   7.1267640886759774E-004   0.0000000000000000     
   9.4964204669258610E-004   0.0000000000000000     
   1.2653990024440751E-003   0.0000000000000000     
   1.6861454702466480E-003  0.14325193397140448     
   2.2467905706753093E-003  0.33019110787059985     
   2.9938507427458520E-003  0.48504368594912706     
   3.9893091892164532E-003   2.5453402966355796     
   5.3157585914154655E-003   4.7342038813148823     
   7.0832537820307165E-003   19.926020439459322     
   9.4384429386385402E-003   66.767456783030411     
   1.2576734908458401E-002   205.54965820221273     
   1.6758512181083561E-002   583.87419294226868     
   2.2330734691294457E-002   1552.0684950649588     
   2.9755726908493374E-002   3876.7513339690445     
   3.9649536662938696E-002   7514.5654105927315     
   5.2833048321094415E-002   9456.6479669802411     
   7.0400091144273494E-002   5795.4693873214992     
   9.3808193746473298E-002   1976.3609603857828     
  0.12499951450264123        958.04718138268970     
  0.16656198144187623        567.70539023201297     
  0.22194401132060174        363.03967024575786     
  0.29574062300807191        242.75868965530759     
  0.39407468386638045        182.09799377920066     
  0.52510492094334005        141.38200159179505     
  0.69970284640869074        109.58730895934465     
  0.93235476139301110        90.789187338157234     
   1.2423636770293720        76.841774275628467     
   1.6554508754756401        65.941440747650702     
   2.2058899916214054        58.348528609898956     
   2.9393506791540505        52.040670884750810     
   3.9166877985120356        46.344860740957706     
   5.2189905137239574        42.727358166338888     
   6.9543102191316919        39.550617446652566     
   9.2666255086581764        37.022700032391185     
   12.347788006563231        34.556373064870911     
   16.453440199193327        32.984025657636145     
   21.924225962134859        31.268650133194974     
   29.214053609427793        30.067914322805400     
   38.927756435667369        28.817822917807746     
   51.871275427029779        28.018187414920490     
   69.118527775248495        27.318099116520465     
   92.100509241157710        26.681450933117489     
   122.72402314561722        26.615401545957727     
   163.52988687184671        25.806389138493618     
   217.90374219225566        25.633810621199999     
   290.35696024543336        25.673750257173932     
   386.90094770646141        25.183242403172734     
   515.54591014324524        25.419797886137154     
   686.96545470102581        25.564202661127911     
   915.38217386199983        25.973752740168841     
   1219.7476867144562        26.247474931400522     
   1625.3150451557306        26.652365120899692     
   2165.7339667724109        26.945054804277575     
   2885.8427348048995        27.643010601231193     
   3845.3884077173038        28.181992919822370     
   5123.9840022697272        29.344786332976479     
   6827.7139450528530        30.495403040964060     
   9097.9358434412316        31.199888880972178     
   12123.008854427359        32.331049247457720     
   16153.921748137405        33.572714171283579     
   21525.117318515084        35.089462097442130     
   28682.240931943441        36.824163250865993     
   38219.115496779355        38.483525981181472     
   50927.010648229239        40.553273070116894     
   67860.293987792626        43.808642926257725     
   90423.911427241081        45.167551227938588     
   120489.95483680644        43.783872741811059     
   160552.98855610055        36.322781391463650     
   213937.02212942563        23.893893200929256     
   285071.30168812518        11.256550029702472     
   379857.80225078925        3.4397832805398325     
   506160.91159066890       0.64423338146713360     
   674459.93449188024        6.4970607537999214E-002
   898718.55534088297        2.9246614922156531E-003
   1197543.3979225161        1.2493222022176383E-004
   1595727.8075379776        3.5952827360697653E-007
   2126308.9422624172        4.3117650548232113E-011
   2833308.8491581711        3.1976310775431483E-016
   3775386.9511438375        4.9218709027326688E-021
   5030706.9894982167        0.0000000000000000     
   6703422.2297448562        0.0000000000000000     
   8932317.0051531065        0.0000000000000000     
   11902321.582327656        0.0000000000000000     
   15859855.731431743        0.0000000000000000     
   21133274.049266435        0.0000000000000000     
   28160109.373269815        0.0000000000000000     
   37523374.658648446        0.0000000000000000     
   49999935.266935006        0.0000000000000000     
   66624965.090166502        0.0000000000000000     
   88777834.402544782        0.0000000000000000     
   118296555.51097512        0.0000000000000000     
   157630281.70193860        0.0000000000000000     
   210042512.24480730        0.0000000000000000     
   279881863.26744068        0.0000000000000000     
   372942870.22598165        0.0000000000000000     
   496946757.56638557        0.0000000000000000     
   662182064.79213011        0.0000000000000000     
   882358281.35732234        0.0000000000000000     
   1175743316.0383906        0.0000000000000000     
   1566679176.0399857        0.0000000000000000     
   2087601610.9601123        0.0000000000000000     
   2781731290.4477043        0.0000000000000000     
   3706659801.1950464        0.0000000000000000     
   4939127991.6127462        0.0000000000000000     
   6581393121.0162392        0.0000000000000000     
   8769713092.4555302        0.0000000000000000     
   11685651701.673561        0.0000000000000000     
   15571142892.953049        0.0000000000000000     
   20748563895.502522        0.0000000000000000     
   27647482698.304775        0.0000000000000000     
   36840299087.820259        0.0000000000000000     
   49089736367.328346        0.0000000000000000     
   65412124121.720345        0.0000000000000000     
   87161722566.574142        0.0000000000000000     
   116143084829.89278        0.0000000000000000     
   154760779807.90973        0.0000000000000000     
   206218898024.20560        0.0000000000000000     
   274786893391.86261        0.0000000000000000     
   366153817634.54041        0.0000000000000000     
   487900338016.33582        0.0000000000000000     
   650127701451.55261        0.0000000000000000     
   866295829826.88269        0.0000000000000000     
