   4.0632770917336937E-006   0.0000000000000000     
   5.4143208974803480E-006   0.0000000000000000     
   7.2145881560798296E-006   0.0000000000000000     
   9.6134461269316134E-006   0.0000000000000000     
   1.2809926836576842E-005   0.0000000000000000     
   1.7069240664775704E-005   0.0000000000000000     
   2.2744780714914024E-005   0.0000000000000000     
   3.0307443660167218E-005   0.0000000000000000     
   4.0384699801124538E-005   0.0000000000000000     
   5.3812653957696100E-005   0.0000000000000000     
   7.1705416661042262E-005   0.0000000000000000     
   9.5547541338059853E-005   0.0000000000000000     
   1.2731719695463739E-004   0.0000000000000000     
   1.6965029568928388E-004   0.0000000000000000     
   2.2605919322678841E-004   0.0000000000000000     
   3.0122410712411389E-004   0.0000000000000000     
   4.0138143208222029E-004   0.0000000000000000     
   5.3484117044454453E-004   0.0000000000000000     
   7.1267640886759774E-004   0.0000000000000000     
   9.4964204669258610E-004   0.0000000000000000     
   1.2653990024440751E-003   0.0000000000000000     
   1.6861454702466480E-003   0.0000000000000000     
   2.2467905706753093E-003   5.1456856580835854E-002
   2.9938507427458520E-003  0.59880516039921261     
   3.9893091892164532E-003   2.0823952940108748     
   5.3157585914154655E-003   7.2290404656013676     
   7.0832537820307165E-003   21.309126428669529     
   9.4384429386385402E-003   76.046252045332452     
   1.2576734908458401E-002   198.41777893093666     
   1.6758512181083561E-002   539.12668345256134     
   2.2330734691294457E-002   1535.7731066754418     
   2.9755726908493374E-002   3950.8132861615472     
   3.9649536662938696E-002   7486.5053300466034     
   5.2833048321094415E-002   9529.1801608032965     
   7.0400091144273494E-002   5776.2386784592818     
   9.3808193746473298E-002   1941.7038407218740     
  0.12499951450264123        939.95937018465963     
  0.16656198144187623        544.82661248527302     
  0.22194401132060174        339.55494390589945     
  0.29574062300807191        235.39730144418979     
  0.39407468386638045        170.96371594348383     
  0.52510492094334005        129.35844104884143     
  0.69970284640869074        104.46743208493288     
  0.93235476139301110        84.768416901301990     
   1.2423636770293720        71.516547600188503     
   1.6554508754756401        62.556917377361209     
   2.2058899916214054        55.017452931635368     
   2.9393506791540505        49.071157782682199     
   3.9166877985120356        44.351606996360246     
   5.2189905137239574        40.468135121535354     
   6.9543102191316919        37.291884715438890     
   9.2666255086581764        34.957904272015121     
   12.347788006563231        32.864208530555310     
   16.453440199193327        31.126826217218611     
   21.924225962134859        29.471123741600081     
   29.214053609427793        28.310474652000167     
   38.927756435667369        27.716062799169077     
   51.871275427029779        26.679406694732361     
   69.118527775248495        25.932253354130459     
   92.100509241157710        25.528099936792032     
   122.72402314561722        24.840038121577976     
   163.52988687184671        24.513834023954185     
   217.90374219225566        24.720600816014468     
   290.35696024543336        24.510980742483870     
   386.90094770646141        24.477997672817228     
   515.54591014324524        24.652703997518667     
   686.96545470102581        24.591432158496044     
   915.38217386199983        24.898961382839353     
   1219.7476867144562        25.200177402171580     
   1625.3150451557306        25.526453554207777     
   2165.7339667724109        26.051159103810964     
   2885.8427348048995        26.813474219767730     
   3845.3884077173038        27.282044922639020     
   5123.9840022697272        28.130456371865797     
   6827.7139450528530        29.034164867851658     
   9097.9358434412316        29.824899927560281     
   12123.008854427359        31.185599516845176     
   16153.921748137405        32.346549686642682     
   21525.117318515084        34.082506778894611     
   28682.240931943441        35.489862065711804     
   38219.115496779355        37.366258102302574     
   50927.010648229239        39.628033795827001     
   67860.293987792626        41.808135645603436     
   90423.911427241081        43.360152553273146     
   120489.95483680644        41.608146044377015     
   160552.98855610055        34.311111980936282     
   213937.02212942563        22.538735403365649     
   285071.30168812518        10.500594454627146     
   379857.80225078925        3.1832331634525035     
   506160.91159066890       0.59038822677070535     
   674459.93449188024        6.2290483831239869E-002
   898718.55534088297        2.3627270852903631E-003
   1197543.3979225161        2.8620311443783788E-005
   1595727.8075379776        1.8500059277264561E-008
   2126308.9422624172        2.0451627323543813E-012
   2833308.8491581711        1.5253111780645837E-016
   3775386.9511438375        7.2267843724279349E-022
   5030706.9894982167        0.0000000000000000     
   6703422.2297448562        0.0000000000000000     
   8932317.0051531065        0.0000000000000000     
   11902321.582327656        0.0000000000000000     
   15859855.731431743        0.0000000000000000     
   21133274.049266435        0.0000000000000000     
   28160109.373269815        0.0000000000000000     
   37523374.658648446        0.0000000000000000     
   49999935.266935006        0.0000000000000000     
   66624965.090166502        0.0000000000000000     
   88777834.402544782        0.0000000000000000     
   118296555.51097512        0.0000000000000000     
   157630281.70193860        0.0000000000000000     
   210042512.24480730        0.0000000000000000     
   279881863.26744068        0.0000000000000000     
   372942870.22598165        0.0000000000000000     
   496946757.56638557        0.0000000000000000     
   662182064.79213011        0.0000000000000000     
   882358281.35732234        0.0000000000000000     
   1175743316.0383906        0.0000000000000000     
   1566679176.0399857        0.0000000000000000     
   2087601610.9601123        0.0000000000000000     
   2781731290.4477043        0.0000000000000000     
   3706659801.1950464        0.0000000000000000     
   4939127991.6127462        0.0000000000000000     
   6581393121.0162392        0.0000000000000000     
   8769713092.4555302        0.0000000000000000     
   11685651701.673561        0.0000000000000000     
   15571142892.953049        0.0000000000000000     
   20748563895.502522        0.0000000000000000     
   27647482698.304775        0.0000000000000000     
   36840299087.820259        0.0000000000000000     
   49089736367.328346        0.0000000000000000     
   65412124121.720345        0.0000000000000000     
   87161722566.574142        0.0000000000000000     
   116143084829.89278        0.0000000000000000     
   154760779807.90973        0.0000000000000000     
   206218898024.20560        0.0000000000000000     
   274786893391.86261        0.0000000000000000     
   366153817634.54041        0.0000000000000000     
   487900338016.33582        0.0000000000000000     
   650127701451.55261        0.0000000000000000     
   866295829826.88269        0.0000000000000000     
