   1.4142135718596092E-006
   1.4142135718596092E-006
   1.4395984462093137E-006
   1.4687882545521812E-006
   1.5014304508350331E-006
   1.5378166882613040E-006
   1.5782606119169972E-006
   1.6231380385642613E-006
   1.6728291579636888E-006
   1.7275603023737088E-006
   1.7876673441232619E-006
   1.8534695873371287E-006
   1.9253393663688472E-006
   2.0033631301218860E-006
   2.0875116171925569E-006
   2.1777377534582384E-006
   2.2739491481016651E-006
   2.3759493227371935E-006
   2.4834845446858374E-006
   2.5960777296452354E-006
   2.7130920096214101E-006
   2.8340327069438231E-006
   2.9582730341986414E-006
   3.0853273344502583E-006
   3.2146537194289060E-006
   3.3456195842517201E-006
   3.4775013437491389E-006
   3.6100954605158117E-006
   3.7424945102242494E-006
   3.8740451931130760E-006
   4.0045582782180892E-006
   4.1338027846791917E-006
   4.2609620255553870E-006
   4.3858539090117909E-006
   4.5082136747529417E-006
   4.6278050095446293E-006
   4.7442950181202880E-006
   4.8572790813940981E-006
   4.9669830881681882E-006
   5.0728202594908139E-006
   5.1746698376849214E-006
   5.2722968868787393E-006
   5.3652422931220658E-006
   5.4533961489185091E-006
   5.5365993103656234E-006
   5.6149584477974597E-006
   5.6883877520557679E-006
   5.7570609873248426E-006
   5.8207874128884350E-006
   5.8797438890150442E-006
   5.9340646042053653E-006
   5.9841138949828028E-006
   6.0296104578384736E-006
   6.0709291641703715E-006
   6.1082182896930076E-006
   6.1418058609415532E-006
   6.1721400209793883E-006
   6.1998338617690088E-006
   6.2250548411498781E-006
   6.2475635814190518E-006
   6.2681798345983863E-006
   6.2877500025306177E-006
   6.3060898219488691E-006
   6.3233320919610873E-006
   6.3395107299877331E-006
   6.3549227086885901E-006
   6.3699274124579591E-006
   6.3846801196602914E-006
   6.3992018804728889E-006
   6.4134058708027736E-006
   6.4274212860346919E-006
   6.4412527979535230E-006
   6.4547553501466905E-006
   6.4681159374445801E-006
   6.4813383910485749E-006
   6.4946246432886775E-006
   6.5078076407891869E-006
   6.5209139505083762E-006
   6.5340071833427501E-006
   6.5470535223591565E-006
   6.5600447291989382E-006
   6.5729988645879312E-006
   6.5858873099517503E-006
   6.5987248813619024E-006
   6.6115344898270550E-006
   6.6243045778739892E-006
   6.6370521543347468E-006
   6.6497434475193801E-006
   6.6624436025089062E-006
   6.6752338335801069E-006
   6.6879559635227512E-006
   6.7006413369475595E-006
   6.7133782613262083E-006
   6.7261397381609987E-006
   6.7389270416269714E-006
   6.7516695142640221E-006
   6.7644531327584960E-006
   6.7772905282024356E-006
   6.7901063913347368E-006
   6.8029537288481178E-006
   6.8157865795410861E-006
   6.8287408533713505E-006
   6.8417037047441616E-006
   6.8547822953910690E-006
   6.8677838543528856E-006
   6.8809369923618457E-006
   6.8940644037547939E-006
   6.9072961426077746E-006
   6.9206607090180233E-006
   6.9340628982031186E-006
   6.9475305519738113E-006
   6.9611241673793126E-006
   6.9748268644969336E-006
   6.9886731899046944E-006
   7.0026028727051481E-006
   7.0166884000807743E-006
   7.0308347159332197E-006
   7.0451935888827099E-006
   7.0596446190600609E-006
   7.0743503270126253E-006
   7.0892326616915614E-006
   7.1042490048875846E-006
   7.1194681332677832E-006
   7.1349344412931708E-006
   7.1506615848028191E-006
   7.1665997353235485E-006
   7.1827800999723760E-006
   7.1992109418153694E-006
   7.2158847613631594E-006
   7.2328539847521083E-006
   7.2501690946242332E-006
   7.2677183758397274E-006
   7.2857481593959890E-006
   7.3041270481084879E-006
   7.3229581779164365E-006
   7.3421648261902765E-006
   7.3616710778776297E-006
   7.3816664397953172E-006
   7.4022033857190801E-006
   7.4231886788853910E-006
   7.4446285079277391E-006
   7.4665015367342031E-006
   7.4888874607423772E-006
   7.5120925948514067E-006
   7.5356237729768930E-006
   7.5597192722040412E-006
   7.5845217112633710E-006
   7.6098907121780260E-006
   7.6360145743806100E-006
   7.6626423007023477E-006
   7.6899309081783696E-006
   7.7178927408631060E-006
   7.7463803555279997E-006
   7.7755549231432940E-006
   7.8053495928699155E-006
   7.8358791292504158E-006
   7.8668796381918073E-006
   7.8985677374605270E-006
   7.9306555844147293E-006
   7.9634453316376685E-006
   7.9968235391941139E-006
   8.0309768714521135E-006
   8.0656109748840107E-006
   8.1007177689908450E-006
   8.1363705240757476E-006
   8.1723942885642742E-006
   8.2090251881653069E-006
   8.2460939377421424E-006
   8.2839677772824797E-006
   8.3221243226638471E-006
   8.3609686318097977E-006
   8.4002237491363462E-006
   8.4401586825871666E-006
   8.4804270048781117E-006
   8.5215286055648515E-006
   8.5630145776670417E-006
   8.6051143243605809E-006
   8.6477428951847206E-006
   8.6912555850301301E-006
   8.7356854319065051E-006
   8.7810070622966647E-006
   8.8270613820838101E-006
   8.8740792671440894E-006
   8.9222854418659380E-006
   8.9715701903366772E-006
   9.0218753476180295E-006
   9.0738168545014247E-006
   9.1271004484667890E-006
   9.1822007737237127E-006
   9.2394099927072825E-006
   9.2987887160539424E-006
   9.3602735647036440E-006
   9.4247906609892747E-006
   9.4918118267949919E-006
   9.5615025555974097E-006
   9.6342972478361605E-006
   9.7106885119537070E-006
   9.7913622080402604E-006
   9.8760658793198504E-006
   9.9642451917310457E-006
   1.0056847672429237E-005
   1.0154392915202103E-005
   1.0256870939860299E-005
   1.0363499130669959E-005
   1.0475024526635821E-005
   1.0593206239502427E-005
   1.0716643708975761E-005
   1.0845714779517842E-005
   1.0980135945405393E-005
   1.1118352086373332E-005
   1.1263975964216733E-005
   1.1414966204567281E-005
   1.1569925348870971E-005
   1.1731362265943250E-005
   1.1898800617698470E-005
   1.2071414922929970E-005
   1.2248825579990854E-005
   1.2431397270914192E-005
   1.2620371259258461E-005
   1.2814935675702044E-005
   1.3015296503376949E-005
   1.3224343299047710E-005
   1.3438978812836858E-005
   1.3662090888477316E-005
   1.3894173510707908E-005
   1.4135928477973494E-005
   1.4389153893367028E-005
   1.4654456146219564E-005
   1.4933525138951515E-005
   1.5231205011408405E-005
   1.5548991025141827E-005
   1.5891688186884995E-005
   1.6265109572571568E-005
   1.6680526446867158E-005
   1.7066359637065054E-005
   1.7268473172680397E-005
   1.7355280106521578E-005
   1.7394648491789039E-005
   1.7416163325995276E-005
   1.7428233206211405E-005
   1.7434260381075167E-005
   1.7437171509503600E-005
   1.7438952601890010E-005
   1.7439938115168610E-005
   1.7440520406808005E-005
   1.7440906170185725E-005
   1.7441144450804845E-005
   1.7441253765574039E-005
   1.7441322900391126E-005
   1.7441374123233130E-005
   1.7441416210618004E-005
   1.7593244217832588E-005
   1.7731133801874860E-005
   1.7861409716925193E-005
   1.7984982697801557E-005
   1.8096330426274051E-005
   1.8191489015888563E-005
   1.8277654817112017E-005
   1.8359446659965265E-005
   1.8431670335039593E-005
   1.8495046757645676E-005
   1.8554292608064561E-005
   1.8609865019059560E-005
   1.8658114656689054E-005
   1.8704808246077900E-005
   1.8745942265676693E-005
   1.8781947544647493E-005
   1.8816173964436553E-005
   1.8848406123466667E-005
   1.8877251713851787E-005
   1.8904701655899632E-005
   1.8930507681211151E-005
   1.8952263660308265E-005
   1.8972677253888513E-005
   1.8989871663462544E-005
   1.9006175313015113E-005
   1.9020204023890367E-005
   1.9032826950060261E-005
   1.9044582248603124E-005
   1.9055133157735577E-005
   1.9065185378114607E-005
   1.9074090484784291E-005
   1.9081519932181543E-005
   1.9088716549588996E-005
   1.9095311993446966E-005
   1.9102230524025126E-005
   1.9107607272888166E-005
   1.9113297313831203E-005
   1.9118148467951863E-005
   1.9122348396172301E-005
   1.9126431651115634E-005
   1.9129969021998581E-005
   1.9133637611416751E-005
   1.9136417235742752E-005
   1.9139220547750368E-005
   1.9141601027403538E-005
   1.9144020815545835E-005
   1.9146084090539026E-005
   1.9148098318850335E-005
   1.9149741667742699E-005
   2.1397718356826886E-005
   2.1397718356826886E-005
   2.1397718356826886E-005
   2.1397718356826886E-005
   2.1397718356826886E-005
   2.1397718356826886E-005
   2.1397718356826886E-005
   2.1397718356826886E-005
   2.1397718356826886E-005
   2.1397718356826886E-005
   2.1397718356826886E-005
   2.1397718356826886E-005
   2.1397718356826886E-005
   2.1397718356826886E-005
   2.1397718356826886E-005
   2.1397718356826886E-005
   2.1397718356826886E-005
   2.1397718356826886E-005
   2.1397718356826889E-005
   2.1397718357105678E-005
   2.1397718357106190E-005
   2.1397718357123300E-005
   2.1397718357123300E-005
   2.1397718357123300E-005
   2.1397718357123300E-005
   2.1397718357137706E-005
   2.1397718357137706E-005
   2.1397718357137821E-005
   2.1397718357137821E-005
   2.1397718358625594E-005
   2.1397718361989487E-005
   2.1397718363091064E-005
   2.1397718363131443E-005
   2.1397718363131460E-005
   2.1397718363131460E-005
   2.1397718363132572E-005
   2.1397718364332895E-005
   2.1397718365049905E-005
   2.1397718369533894E-005
   2.1397718374701863E-005
   2.1397718379652624E-005
   2.1397718380707872E-005
   2.1397718380711290E-005
   2.1397718380731670E-005
   2.1397718380732737E-005
   2.1397718383734974E-005
   2.1397718386606687E-005
   2.1397718388401882E-005
   2.1397718397297707E-005
   2.1397718398986833E-005
   2.1397718399098858E-005
   2.1397718401879087E-005
   2.1397718409018278E-005
   2.1397718416015315E-005
   2.1397718418441804E-005
   2.1397718423732582E-005
   2.1397718430450962E-005
   2.1397718440634389E-005
   2.1397718446232884E-005
   2.1397718457638660E-005
   2.1397718467990863E-005
   2.1397718497475965E-005
   2.1397718506257701E-005
   2.1397718527199669E-005
   2.1397718550027484E-005
   2.1397718561254811E-005
   2.1397718586466018E-005
   2.1397718611047531E-005
   2.1397718654775380E-005
   2.1397718712667094E-005
   2.1397718751968833E-005
   2.1397718793142847E-005
   2.1397718858399119E-005
   2.1397718936016143E-005
   2.1397719024059892E-005
   2.1397719104786163E-005
   2.1397719194187039E-005
   2.1397719295189202E-005
   2.1397719396082681E-005
   2.1397719544956684E-005
   2.1397719702100164E-005
   2.1397719893289551E-005
   2.1397720083834176E-005
   2.1397720311955856E-005
   2.1397720573232720E-005
   2.1397720846125136E-005
   2.1397721174459586E-005
   2.1397721568601357E-005
   2.1397721991142689E-005
   2.1397722468997000E-005
   2.1397722969676949E-005
   2.1397723569351989E-005
   2.1397724269192542E-005
   2.1397725046612679E-005
   2.1397725888175894E-005
   2.1397726894676682E-005
   2.1397728011792406E-005
   2.1397729266012262E-005
   2.1397730704541987E-005
   2.1397732329980812E-005
   2.1397734156779002E-005
   2.1397736233777758E-005
   2.1397738554344477E-005
   2.1397741197751035E-005
   2.1397744204486639E-005
   2.1397747582251670E-005
   2.1397751391309645E-005
   2.1397755728822144E-005
   2.1397760603424162E-005
   2.1397766124054813E-005
   2.1397772362020015E-005
   2.1397779411068419E-005
   2.1397787377094546E-005
   2.1397796343642604E-005
   2.1397806497000194E-005
   2.1397817998587030E-005
   2.1397830907802509E-005
   2.1397845513701657E-005
   2.1397862007789281E-005
   2.1397880582758569E-005
   2.1397901533492426E-005
   2.1397925158165350E-005
   2.1397951744945999E-005
   2.1397981678522456E-005
   2.1398015369042069E-005
   2.1398053183309503E-005
   2.1398095689685001E-005
   2.1398143382712344E-005
   2.1398196824018476E-005
   2.1398256631891543E-005
   2.1398323447314011E-005
   2.1398397989857613E-005
   2.1398480961476210E-005
   2.1398573071500492E-005
   2.1398675089574477E-005
   2.1398787635223072E-005
   2.1398911401602582E-005
   2.1399046750430238E-005
   2.1399193955893006E-005
   2.1399352951130626E-005
   2.1399523153185062E-005
   2.1399703311948905E-005
   2.1399891410565201E-005
   2.1400083982252744E-005
   2.1400276049629344E-005
   2.1400460324482079E-005
   2.1400626681442449E-005
   2.1400761090350718E-005
   2.1400844378020512E-005
   2.1400850930106368E-005
   2.1400746370375347E-005
   2.1400485409650566E-005
   2.1400008341081300E-005
   2.1399237392814075E-005
   2.1398071182081585E-005
   2.1396378894430194E-005
   2.1393992158839166E-005
   2.1390695716202405E-005
   2.1386215894859581E-005
   2.1380206835553427E-005
   2.1372234912059431E-005
   2.1361760905958271E-005
   2.1348120834610851E-005
   2.1330506806326131E-005
   2.1307949470468093E-005
   2.1279305439608631E-005
   2.1243253671061898E-005
   2.1198306357231849E-005
   2.1142840605213270E-005
   2.1075157332918992E-005
   2.0993573423811093E-005
   2.0896549151649790E-005
   2.0782850011101116E-005
   2.0651734975718540E-005
   2.0503156655485279E-005
   2.0337953597137657E-005
   2.0158009308318784E-005
   1.9966349777100348E-005
   1.9767148855293958E-005
   1.9565604898837911E-005
   1.9367650309205672E-005
   1.9179454878239839E-005
   1.9006704101846279E-005
   1.8853687900176601E-005
   1.8722330542544278E-005
   1.8611419364455930E-005
   1.8516371270023667E-005
   1.8429799614426704E-005
   1.8342814063755724E-005
   1.8246509432679981E-005
   1.8132854833146877E-005
   1.7994543075329421E-005
   1.7824084268339340E-005
   1.7612821194847135E-005
   1.7350301090975897E-005
   1.7024062969383039E-005
   1.6619836972030058E-005
   1.6122292261105839E-005
   1.5516559512428276E-005
   1.4790700541199803E-005
   1.3939047707576293E-005
   1.2965862650234127E-005
   1.1888168610034514E-005
   1.0736237803417217E-005
   1.0000000127944272E-005
   1.0000000127944272E-005
   1.0000000127944272E-005
   1.0000000127944272E-005
   1.0000000127944272E-005
   1.0000000127944272E-005
   1.0000000127944272E-005
   1.0000000127944272E-005
   1.0000000127944272E-005
   1.0000000127944272E-005
   1.0000000127944272E-005
   1.0000000127944272E-005
   1.0000000127944272E-005
   1.0000000127944272E-005
   1.0000000127944272E-005
   1.0000000127944272E-005
   1.0000000127944272E-005
   1.0000000127944272E-005
   1.0000000127944272E-005
   1.0000000127944272E-005
   1.0000000127944272E-005
   1.0000000127944272E-005
   1.0000000127944272E-005
   1.0000000127944272E-005
   1.0000000127944272E-005
   1.0000000127944272E-005
   1.0000000127944272E-005
   1.0000000127944272E-005
   1.0000000127944272E-005
   1.0000000127944272E-005
   1.0000000127944272E-005
   1.0000000127944272E-005
   1.0000000127944272E-005
   1.0000000127944272E-005
   1.0000000127944272E-005
   1.0000000127944272E-005
   1.0000000127944272E-005
   1.0000000127944272E-005
   1.0000000127944272E-005
   1.0000000127944272E-005
   1.0000000127944272E-005
   1.0000000127944272E-005
   1.0000000127944272E-005
   1.0000000127944272E-005
   1.0000000127944272E-005
   1.0000000127944272E-005
   1.0000000127944272E-005
   1.0000000127944272E-005
   1.0000000127944272E-005
   1.0000000127944272E-005
   1.0000000127944272E-005
   1.0000000127944272E-005
   1.0000000127944272E-005
   1.0000000127944272E-005
   1.0000000127944272E-005
   1.0000000127944272E-005
   1.0000000127944272E-005
   1.0000000127944272E-005
   1.0000000127944272E-005
   1.0000000127944272E-005
   1.0000000127944272E-005
   1.0000000127944272E-005
   1.0000000127944272E-005
   1.0000000127944272E-005
   1.0000000127944272E-005
   1.0000000127944272E-005
   1.0000000127944272E-005
   1.0000000127944272E-005
   1.0000000127944272E-005
   1.0000000127944272E-005
   1.0000000127944272E-005
   1.0000000127944272E-005
   1.0000000127944272E-005
   1.0000000127944272E-005
   1.0000000127944272E-005
   1.0000000127944272E-005
   1.0000000127944272E-005
   1.0000000127944272E-005
   1.0000000127944272E-005
   1.0000000127944272E-005
   1.0000000127944272E-005
   1.0000000127944272E-005
   1.0000000127944272E-005
   1.0000000127944272E-005
   1.0000000127944272E-005
   1.0000000127944272E-005
   1.0000000127944272E-005
   1.0000000127944272E-005
   1.0000000127944272E-005
   1.0000000127944272E-005
   1.0000000127944272E-005
   1.0000000127944272E-005
   1.0000000127944272E-005
   1.0000000127944272E-005
   1.0000000127944272E-005
   1.0000000127944272E-005
   1.0000000127944272E-005
