   4.0632770917336937E-006   0.0000000000000000     
   5.4143208974803480E-006   0.0000000000000000     
   7.2145881560798296E-006   0.0000000000000000     
   9.6134461269316134E-006   0.0000000000000000     
   1.2809926836576842E-005   0.0000000000000000     
   1.7069240664775704E-005   0.0000000000000000     
   2.2744780714914024E-005   0.0000000000000000     
   3.0307443660167218E-005   0.0000000000000000     
   4.0384699801124538E-005   0.0000000000000000     
   5.3812653957696100E-005   0.0000000000000000     
   7.1705416661042262E-005   0.0000000000000000     
   9.5547541338059853E-005   0.0000000000000000     
   1.2731719695463739E-004   0.0000000000000000     
   1.6965029568928388E-004   0.0000000000000000     
   2.2605919322678841E-004   0.0000000000000000     
   3.0122410712411389E-004   0.0000000000000000     
   4.0138143208222029E-004   0.0000000000000000     
   5.3484117044454453E-004   0.0000000000000000     
   7.1267640886759774E-004   0.0000000000000000     
   9.4964204669258610E-004   0.0000000000000000     
   1.2653990024440751E-003   0.0000000000000000     
   1.6861454702466480E-003   0.0000000000000000     
   2.2467905706753093E-003   0.0000000000000000     
   2.9938507427458520E-003   0.0000000000000000     
   3.9893091892164532E-003   1.0695470961752118E-002
   5.3157585914154655E-003   0.0000000000000000     
   7.0832537820307165E-003   4.4173615047437303E-002
   9.4384429386385402E-003  0.26804247016656624     
   1.2576734908458401E-002  0.78860692066192473     
   1.6758512181083561E-002   1.8668479016753667     
   2.2330734691294457E-002   5.4160751002371015     
   2.9755726908493374E-002   14.334426221560722     
   3.9649536662938696E-002   31.494302839037989     
   5.2833048321094415E-002   44.469194259738309     
   7.0400091144273494E-002   33.021303517831313     
   9.3808193746473298E-002   10.892535982742157     
  0.12499951450264123        4.9769062601192999     
  0.16656198144187623        2.9206752127895372     
  0.22194401132060174        1.8036440910608069     
  0.29574062300807191        1.2617756256029298     
  0.39407468386638045       0.98764522139917910     
  0.52510492094334005       0.73932574553076569     
  0.69970284640869074       0.60173858858716134     
  0.93235476139301110       0.49919213523732586     
   1.2423636770293720       0.42200768525508764     
   1.6554508754756401       0.39265456596531223     
   2.2058899916214054       0.34133030599441810     
   2.9393506791540505       0.29880293334060454     
   3.9166877985120356       0.27178228797779641     
   5.2189905137239574       0.24424553261855125     
   6.9543102191316919       0.22226837089302659     
   9.2666255086581764       0.20799198464554394     
   12.347788006563231       0.19565775217281228     
   16.453440199193327       0.18542834970515468     
   21.924225962134859       0.17242858863234134     
   29.214053609427793       0.16586527926417141     
   38.927756435667369       0.16434381792554711     
   51.871275427029779       0.15445429818324566     
   69.118527775248495       0.14732147344293869     
   92.100509241157710       0.14466666816842511     
   122.72402314561722       0.13791243010137244     
   163.52988687184671       0.14094690056819587     
   217.90374219225566       0.13554714426231226     
   290.35696024543336       0.13270801055640008     
   386.90094770646141       0.14033687430179295     
   515.54591014324524       0.14132414920141800     
   686.96545470102581       0.13813249371931199     
   915.38217386199983       0.13608629231296487     
   1219.7476867144562       0.14669075156902830     
   1625.3150451557306       0.14787704623577186     
   2165.7339667724109       0.14935663782954217     
   2885.8427348048995       0.15428542232691808     
   3845.3884077173038       0.15821998022910064     
   5123.9840022697272       0.15987741196164429     
   6827.7139450528530       0.18012155146707504     
   9097.9358434412316       0.17993327236775319     
   12123.008854427359       0.18789846689002002     
   16153.921748137405       0.19405942473633941     
   21525.117318515084       0.20846974094328635     
   28682.240931943441       0.21386568650751442     
   38219.115496779355       0.22391787825719811     
   50927.010648229239       0.24070892625964463     
   67860.293987792626       0.26075084749298094     
   90423.911427241081       0.26277465247892656     
   120489.95483680644       0.24679307432126457     
   160552.98855610055       0.19022054943051186     
   213937.02212942563       0.11704436539616862     
   285071.30168812518        5.1015929074423531E-002
   379857.80225078925        1.3265448091939679E-002
   506160.91159066890        1.8775379547171340E-003
   674459.93449188024        6.0927049288052096E-005
   898718.55534088297        5.1732235034535447E-008
   1197543.3979225161        9.4833149082860568E-011
   1595727.8075379776        4.9859259200379974E-018
   2126308.9422624172        3.7469932456694158E-025
   2833308.8491581711        0.0000000000000000     
   3775386.9511438375        0.0000000000000000     
   5030706.9894982167        0.0000000000000000     
   6703422.2297448562        0.0000000000000000     
   8932317.0051531065        0.0000000000000000     
   11902321.582327656        0.0000000000000000     
   15859855.731431743        0.0000000000000000     
   21133274.049266435        0.0000000000000000     
   28160109.373269815        0.0000000000000000     
   37523374.658648446        0.0000000000000000     
   49999935.266935006        0.0000000000000000     
   66624965.090166502        0.0000000000000000     
   88777834.402544782        0.0000000000000000     
   118296555.51097512        0.0000000000000000     
   157630281.70193860        0.0000000000000000     
   210042512.24480730        0.0000000000000000     
   279881863.26744068        0.0000000000000000     
   372942870.22598165        0.0000000000000000     
   496946757.56638557        0.0000000000000000     
   662182064.79213011        0.0000000000000000     
   882358281.35732234        0.0000000000000000     
   1175743316.0383906        0.0000000000000000     
   1566679176.0399857        0.0000000000000000     
   2087601610.9601123        0.0000000000000000     
   2781731290.4477043        0.0000000000000000     
   3706659801.1950464        0.0000000000000000     
   4939127991.6127462        0.0000000000000000     
   6581393121.0162392        0.0000000000000000     
   8769713092.4555302        0.0000000000000000     
   11685651701.673561        0.0000000000000000     
   15571142892.953049        0.0000000000000000     
   20748563895.502522        0.0000000000000000     
   27647482698.304775        0.0000000000000000     
   36840299087.820259        0.0000000000000000     
   49089736367.328346        0.0000000000000000     
   65412124121.720345        0.0000000000000000     
   87161722566.574142        0.0000000000000000     
   116143084829.89278        0.0000000000000000     
   154760779807.90973        0.0000000000000000     
   206218898024.20560        0.0000000000000000     
   274786893391.86261        0.0000000000000000     
   366153817634.54041        0.0000000000000000     
   487900338016.33582        0.0000000000000000     
   650127701451.55261        0.0000000000000000     
   866295829826.88269        0.0000000000000000     
