   4.0632770917336937E-006   0.0000000000000000     
   5.4143208974803480E-006   0.0000000000000000     
   7.2145881560798296E-006   0.0000000000000000     
   9.6134461269316134E-006   0.0000000000000000     
   1.2809926836576842E-005   0.0000000000000000     
   1.7069240664775704E-005   0.0000000000000000     
   2.2744780714914024E-005   0.0000000000000000     
   3.0307443660167218E-005   0.0000000000000000     
   4.0384699801124538E-005   0.0000000000000000     
   5.3812653957696100E-005   0.0000000000000000     
   7.1705416661042262E-005   0.0000000000000000     
   9.5547541338059853E-005   0.0000000000000000     
   1.2731719695463739E-004   0.0000000000000000     
   1.6965029568928388E-004   0.0000000000000000     
   2.2605919322678841E-004   0.0000000000000000     
   3.0122410712411389E-004   0.0000000000000000     
   4.0138143208222029E-004   0.0000000000000000     
   5.3484117044454453E-004   0.0000000000000000     
   7.1267640886759774E-004   0.0000000000000000     
   9.4964204669258610E-004   0.0000000000000000     
   1.2653990024440751E-003   0.0000000000000000     
   1.6861454702466480E-003   0.0000000000000000     
   2.2467905706753093E-003   0.0000000000000000     
   2.9938507427458520E-003   0.0000000000000000     
   3.9893091892164532E-003   1.0603449353155969E-002
   5.3157585914154655E-003   1.1564335215048819E-002
   7.0832537820307165E-003   5.0040085613439339E-002
   9.4384429386385402E-003  0.22616765738571834     
   1.2576734908458401E-002  0.72346830995936617     
   1.6758512181083561E-002   1.7860604440289987     
   2.2330734691294457E-002   5.4783386728168306     
   2.9755726908493374E-002   15.035942754647770     
   3.9649536662938696E-002   31.342373385018284     
   5.2833048321094415E-002   44.558103929024035     
   7.0400091144273494E-002   31.563097478500485     
   9.3808193746473298E-002   10.437110489065590     
  0.12499951450264123        4.6937870651321072     
  0.16656198144187623        2.8524308194494599     
  0.22194401132060174        1.8370513886085844     
  0.29574062300807191        1.2184279388161376     
  0.39407468386638045       0.90196357658232040     
  0.52510492094334005       0.71126198585661660     
  0.69970284640869074       0.58674528960137318     
  0.93235476139301110       0.45553660666240264     
   1.2423636770293720       0.36726521370932369     
   1.6554508754756401       0.30812241386369837     
   2.2058899916214054       0.28209777734091129     
   2.9393506791540505       0.25217488369912244     
   3.9166877985120356       0.23872103112269250     
   5.2189905137239574       0.20679616739269244     
   6.9543102191316919       0.20325923419780684     
   9.2666255086581764       0.18465050609256561     
   12.347788006563231       0.17724558386046946     
   16.453440199193327       0.16782439070468669     
   21.924225962134859       0.16116485010751150     
   29.214053609427793       0.14874860575567611     
   38.927756435667369       0.14073554410947756     
   51.871275427029779       0.14060294645820326     
   69.118527775248495       0.13577395591292454     
   92.100509241157710       0.13523248151321063     
   122.72402314561722       0.12963202339808375     
   163.52988687184671       0.13106579369109170     
   217.90374219225566       0.13406159892081113     
   290.35696024543336       0.12958562839886645     
   386.90094770646141       0.13373126705597527     
   515.54591014324524       0.13532367436623857     
   686.96545470102581       0.13151662707804465     
   915.38217386199983       0.13392773853982026     
   1219.7476867144562       0.13252739008154454     
   1625.3150451557306       0.13563446515833266     
   2165.7339667724109       0.13371074476646977     
   2885.8427348048995       0.14001914382275102     
   3845.3884077173038       0.15181831750993169     
   5123.9840022697272       0.15817717020528202     
   6827.7139450528530       0.15974459224578119     
   9097.9358434412316       0.16645629055349886     
   12123.008854427359       0.17647995677816208     
   16153.921748137405       0.18226572094165530     
   21525.117318515084       0.19140479096379909     
   28682.240931943441       0.19694773857002776     
   38219.115496779355       0.21706826079053537     
   50927.010648229239       0.21815504262132265     
   67860.293987792626       0.23684236108654677     
   90423.911427241081       0.24629735705772202     
   120489.95483680644       0.23549653317149022     
   160552.98855610055       0.17820733131320188     
   213937.02212942563       0.10691143457182249     
   285071.30168812518        4.3920926047724268E-002
   379857.80225078925        9.2089162072633308E-003
   506160.91159066890        1.2116482183569554E-003
   674459.93449188024        1.0400758952813880E-004
   898718.55534088297        9.2536095697928676E-007
   1197543.3979225161        5.0160354503504692E-012
   1595727.8075379776        9.7182862240345504E-018
   2126308.9422624172        5.1586534982975597E-024
   2833308.8491581711        0.0000000000000000     
   3775386.9511438375        0.0000000000000000     
   5030706.9894982167        0.0000000000000000     
   6703422.2297448562        0.0000000000000000     
   8932317.0051531065        0.0000000000000000     
   11902321.582327656        0.0000000000000000     
   15859855.731431743        0.0000000000000000     
   21133274.049266435        0.0000000000000000     
   28160109.373269815        0.0000000000000000     
   37523374.658648446        0.0000000000000000     
   49999935.266935006        0.0000000000000000     
   66624965.090166502        0.0000000000000000     
   88777834.402544782        0.0000000000000000     
   118296555.51097512        0.0000000000000000     
   157630281.70193860        0.0000000000000000     
   210042512.24480730        0.0000000000000000     
   279881863.26744068        0.0000000000000000     
   372942870.22598165        0.0000000000000000     
   496946757.56638557        0.0000000000000000     
   662182064.79213011        0.0000000000000000     
   882358281.35732234        0.0000000000000000     
   1175743316.0383906        0.0000000000000000     
   1566679176.0399857        0.0000000000000000     
   2087601610.9601123        0.0000000000000000     
   2781731290.4477043        0.0000000000000000     
   3706659801.1950464        0.0000000000000000     
   4939127991.6127462        0.0000000000000000     
   6581393121.0162392        0.0000000000000000     
   8769713092.4555302        0.0000000000000000     
   11685651701.673561        0.0000000000000000     
   15571142892.953049        0.0000000000000000     
   20748563895.502522        0.0000000000000000     
   27647482698.304775        0.0000000000000000     
   36840299087.820259        0.0000000000000000     
   49089736367.328346        0.0000000000000000     
   65412124121.720345        0.0000000000000000     
   87161722566.574142        0.0000000000000000     
   116143084829.89278        0.0000000000000000     
   154760779807.90973        0.0000000000000000     
   206218898024.20560        0.0000000000000000     
   274786893391.86261        0.0000000000000000     
   366153817634.54041        0.0000000000000000     
   487900338016.33582        0.0000000000000000     
   650127701451.55261        0.0000000000000000     
   866295829826.88269        0.0000000000000000     
