   4.0632770917336937E-006   0.0000000000000000     
   5.4143208974803480E-006   0.0000000000000000     
   7.2145881560798296E-006   0.0000000000000000     
   9.6134461269316134E-006   0.0000000000000000     
   1.2809926836576842E-005   0.0000000000000000     
   1.7069240664775704E-005   0.0000000000000000     
   2.2744780714914024E-005   0.0000000000000000     
   3.0307443660167218E-005   0.0000000000000000     
   4.0384699801124538E-005   0.0000000000000000     
   5.3812653957696100E-005   0.0000000000000000     
   7.1705416661042262E-005   0.0000000000000000     
   9.5547541338059853E-005   0.0000000000000000     
   1.2731719695463739E-004   0.0000000000000000     
   1.6965029568928388E-004   0.0000000000000000     
   2.2605919322678841E-004   0.0000000000000000     
   3.0122410712411389E-004   0.0000000000000000     
   4.0138143208222029E-004   0.0000000000000000     
   5.3484117044454453E-004   0.0000000000000000     
   7.1267640886759774E-004   0.0000000000000000     
   9.4964204669258610E-004   0.0000000000000000     
   1.2653990024440751E-003   0.0000000000000000     
   1.6861454702466480E-003   0.0000000000000000     
   2.2467905706753093E-003   0.0000000000000000     
   2.9938507427458520E-003   3.0816164572106818E-003
   3.9893091892164532E-003   0.0000000000000000     
   5.3157585914154655E-003   2.5357685462347283E-002
   7.0832537820307165E-003   3.1716392858088749E-002
   9.4384429386385402E-003  0.15023362577371596     
   1.2576734908458401E-002  0.56056841246018074     
   1.6758512181083561E-002   1.7812992285069873     
   2.2330734691294457E-002   5.1347460066750390     
   2.9755726908493374E-002   14.387250645333500     
   3.9649536662938696E-002   29.959751382923656     
   5.2833048321094415E-002   43.967727241668825     
   7.0400091144273494E-002   32.975412990831437     
   9.3808193746473298E-002   11.184239208200415     
  0.12499951450264123        4.9475130629350685     
  0.16656198144187623        2.7121459126960601     
  0.22194401132060174        1.7844315238217854     
  0.29574062300807191        1.2440422622916807     
  0.39407468386638045       0.96260135233076971     
  0.52510492094334005       0.71698060127148266     
  0.69970284640869074       0.58623410899342099     
  0.93235476139301110       0.47693100851762948     
   1.2423636770293720       0.41194131152860691     
   1.6554508754756401       0.35279490346881304     
   2.2058899916214054       0.30621638985392668     
   2.9393506791540505       0.26483353419930594     
   3.9166877985120356       0.24080057351464801     
   5.2189905137239574       0.22557510411995377     
   6.9543102191316919       0.20732372920512651     
   9.2666255086581764       0.18903622526071123     
   12.347788006563231       0.17943557857663431     
   16.453440199193327       0.17218621132464895     
   21.924225962134859       0.16401625811805215     
   29.214053609427793       0.16358098958439785     
   38.927756435667369       0.15286815703712611     
   51.871275427029779       0.14797870355898660     
   69.118527775248495       0.14424587103095055     
   92.100509241157710       0.14055550145437404     
   122.72402314561722       0.13805555608169118     
   163.52988687184671       0.13901295026706728     
   217.90374219225566       0.14310480339405615     
   290.35696024543336       0.13657628009767245     
   386.90094770646141       0.13814249893370081     
   515.54591014324524       0.13712704465836628     
   686.96545470102581       0.13307841973549162     
   915.38217386199983       0.13913191558113727     
   1219.7476867144562       0.13768723652823545     
   1625.3150451557306       0.13731145335070608     
   2165.7339667724109       0.14857971708115969     
   2885.8427348048995       0.14655504346436579     
   3845.3884077173038       0.14994849803924939     
   5123.9840022697272       0.15579085435676171     
   6827.7139450528530       0.15573169480175023     
   9097.9358434412316       0.16738140902284487     
   12123.008854427359       0.16782531482289043     
   16153.921748137405       0.18263060732112743     
   21525.117318515084       0.18031487479406794     
   28682.240931943441       0.19583268300690354     
   38219.115496779355       0.20100355529106920     
   50927.010648229239       0.20790017843923561     
   67860.293987792626       0.21907191784428040     
   90423.911427241081       0.22703743168190244     
   120489.95483680644       0.21769631694631802     
   160552.98855610055       0.17081801684748033     
   213937.02212942563        9.8029515596305822E-002
   285071.30168812518        4.1723770325986197E-002
   379857.80225078925        1.1264031940240175E-002
   506160.91159066890        1.1813332177640552E-003
   674459.93449188024        1.5131618046547652E-005
   898718.55534088297        6.9873569396860260E-008
   1197543.3979225161        3.7740139572602643E-012
   1595727.8075379776        1.1728086929829907E-016
   2126308.9422624172        8.8781208380483361E-022
   2833308.8491581711        0.0000000000000000     
   3775386.9511438375        0.0000000000000000     
   5030706.9894982167        0.0000000000000000     
   6703422.2297448562        0.0000000000000000     
   8932317.0051531065        0.0000000000000000     
   11902321.582327656        0.0000000000000000     
   15859855.731431743        0.0000000000000000     
   21133274.049266435        0.0000000000000000     
   28160109.373269815        0.0000000000000000     
   37523374.658648446        0.0000000000000000     
   49999935.266935006        0.0000000000000000     
   66624965.090166502        0.0000000000000000     
   88777834.402544782        0.0000000000000000     
   118296555.51097512        0.0000000000000000     
   157630281.70193860        0.0000000000000000     
   210042512.24480730        0.0000000000000000     
   279881863.26744068        0.0000000000000000     
   372942870.22598165        0.0000000000000000     
   496946757.56638557        0.0000000000000000     
   662182064.79213011        0.0000000000000000     
   882358281.35732234        0.0000000000000000     
   1175743316.0383906        0.0000000000000000     
   1566679176.0399857        0.0000000000000000     
   2087601610.9601123        0.0000000000000000     
   2781731290.4477043        0.0000000000000000     
   3706659801.1950464        0.0000000000000000     
   4939127991.6127462        0.0000000000000000     
   6581393121.0162392        0.0000000000000000     
   8769713092.4555302        0.0000000000000000     
   11685651701.673561        0.0000000000000000     
   15571142892.953049        0.0000000000000000     
   20748563895.502522        0.0000000000000000     
   27647482698.304775        0.0000000000000000     
   36840299087.820259        0.0000000000000000     
   49089736367.328346        0.0000000000000000     
   65412124121.720345        0.0000000000000000     
   87161722566.574142        0.0000000000000000     
   116143084829.89278        0.0000000000000000     
   154760779807.90973        0.0000000000000000     
   206218898024.20560        0.0000000000000000     
   274786893391.86261        0.0000000000000000     
   366153817634.54041        0.0000000000000000     
   487900338016.33582        0.0000000000000000     
   650127701451.55261        0.0000000000000000     
   866295829826.88269        0.0000000000000000     
