   -0.76796096E+01    0.00000000E+00
   -0.66796096E+01    0.37605358E-03
   -0.66404163E+01    0.35028173E-03
   -0.66012229E+01    0.50297438E-03
   -0.65620296E+01    0.53117963E-03
   -0.65228363E+01    0.67796406E-03
   -0.64836430E+01    0.58910306E-03
   -0.64444496E+01    0.58173964E-03
   -0.64052563E+01    0.73203118E-03
   -0.63660630E+01    0.60895015E-03
   -0.63268697E+01    0.72716537E-03
   -0.62876764E+01    0.71866731E-03
   -0.62484830E+01    0.69490723E-03
   -0.62092897E+01    0.85423893E-03
   -0.61700964E+01    0.87068408E-03
   -0.61309031E+01    0.69299819E-03
   -0.60917098E+01    0.80112630E-03
   -0.60525164E+01    0.71700697E-03
   -0.60133231E+01    0.94387467E-03
   -0.59741298E+01    0.76769380E-03
   -0.59349365E+01    0.79613983E-03
   -0.58957432E+01    0.77176487E-03
   -0.58565498E+01    0.90318435E-03
   -0.58173565E+01    0.93162107E-03
   -0.57781632E+01    0.78643374E-03
   -0.57389699E+01    0.77970271E-03
   -0.56997766E+01    0.76329291E-03
   -0.56605832E+01    0.87876463E-03
   -0.56213899E+01    0.73417922E-03
   -0.55821966E+01    0.10040120E-02
   -0.55430033E+01    0.97547410E-03
   -0.55038100E+01    0.84880782E-03
   -0.54646166E+01    0.88259610E-03
   -0.54254233E+01    0.94739419E-03
   -0.53862300E+01    0.80551009E-03
   -0.53470367E+01    0.10351886E-02
   -0.53078433E+01    0.95958018E-03
   -0.52686500E+01    0.11258578E-02
   -0.52294567E+01    0.14929782E-02
   -0.51902634E+01    0.10890751E-02
   -0.51510701E+01    0.87895282E-03
   -0.51118767E+01    0.10341855E-02
   -0.50726834E+01    0.84163980E-03
   -0.50334901E+01    0.10915354E-02
   -0.49942968E+01    0.89333298E-03
   -0.49551035E+01    0.88446303E-03
   -0.49159101E+01    0.94479471E-03
   -0.48767168E+01    0.86733032E-03
   -0.48375235E+01    0.93960725E-03
   -0.47983302E+01    0.93545953E-03
   -0.47591369E+01    0.10303468E-02
   -0.47199435E+01    0.10621515E-02
   -0.46807502E+01    0.10558293E-02
   -0.46415569E+01    0.10492284E-02
   -0.46023636E+01    0.10586222E-02
   -0.45631703E+01    0.14069447E-02
   -0.45239769E+01    0.96387265E-03
   -0.44847836E+01    0.10663343E-02
   -0.44455903E+01    0.10281249E-02
   -0.44063970E+01    0.10756719E-02
   -0.43672036E+01    0.10102749E-02
   -0.43280103E+01    0.11440828E-02
   -0.42888170E+01    0.10498310E-02
   -0.42496237E+01    0.11069584E-02
   -0.42104304E+01    0.10988705E-02
   -0.41712370E+01    0.10217910E-02
   -0.41320437E+01    0.10617522E-02
   -0.40928504E+01    0.10321157E-02
   -0.40536571E+01    0.98740412E-03
   -0.40144638E+01    0.10542141E-02
   -0.39752704E+01    0.10606643E-02
   -0.39360771E+01    0.97781558E-03
   -0.38968838E+01    0.94765423E-03
   -0.38576905E+01    0.99145054E-03
   -0.38184972E+01    0.11354244E-02
   -0.37793038E+01    0.10655167E-02
   -0.37401105E+01    0.10463896E-02
   -0.37009172E+01    0.10530979E-02
   -0.36617239E+01    0.10573483E-02
   -0.36225306E+01    0.11127712E-02
   -0.35833372E+01    0.10866481E-02
   -0.35441439E+01    0.11107249E-02
   -0.35049506E+01    0.10855461E-02
   -0.34657573E+01    0.10500951E-02
   -0.34265640E+01    0.10184072E-02
   -0.33873706E+01    0.11745146E-02
   -0.33481773E+01    0.10283113E-02
   -0.33089840E+01    0.10917718E-02
   -0.32697907E+01    0.10877640E-02
   -0.32305973E+01    0.10262513E-02
   -0.31914040E+01    0.10985635E-02
   -0.31522107E+01    0.10456220E-02
   -0.31130174E+01    0.10735659E-02
   -0.30738241E+01    0.11334196E-02
   -0.30346307E+01    0.10221083E-02
   -0.29954374E+01    0.10179924E-02
   -0.29562441E+01    0.10587746E-02
   -0.29170508E+01    0.10426964E-02
   -0.28778575E+01    0.10403113E-02
   -0.28386641E+01    0.99398433E-03
   -0.27994708E+01    0.99443305E-03
   -0.27602775E+01    0.10024946E-02
   -0.27210842E+01    0.10180398E-02
   -0.26818909E+01    0.10136773E-02
   -0.26426975E+01    0.10142071E-02
   -0.26035042E+01    0.10122224E-02
   -0.25643109E+01    0.10134981E-02
   -0.25251176E+01    0.10069714E-02
   -0.24859243E+01    0.99763937E-03
   -0.24467309E+01    0.10080071E-02
   -0.24075376E+01    0.99956525E-03
   -0.23683443E+01    0.10102157E-02
   -0.23291510E+01    0.10127820E-02
   -0.22899577E+01    0.10108036E-02
   -0.22507643E+01    0.10146775E-02
   -0.22115710E+01    0.99908525E-03
   -0.21723777E+01    0.10009948E-02
   -0.21331844E+01    0.10006816E-02
   -0.20939910E+01    0.10011264E-02
   -0.20547977E+01    0.10013781E-02
   -0.20156044E+01    0.10008762E-02
   -0.19764111E+01    0.10044512E-02
   -0.19372178E+01    0.10045250E-02
   -0.18980244E+01    0.10034849E-02
   -0.18588311E+01    0.99719960E-03
   -0.18196378E+01    0.99714509E-03
   -0.17804445E+01    0.99425575E-03
   -0.17412512E+01    0.99474715E-03
   -0.17020578E+01    0.99441773E-03
   -0.16628645E+01    0.99410703E-03
   -0.16236712E+01    0.99124678E-03
   -0.15844779E+01    0.99162715E-03
   -0.15452846E+01    0.98941454E-03
   -0.15060912E+01    0.98999896E-03
   -0.14668979E+01    0.98982576E-03
   -0.14277046E+01    0.99134880E-03
   -0.13885113E+01    0.99137165E-03
   -0.13493180E+01    0.99140311E-03
   -0.13101246E+01    0.99141183E-03
   -0.12709313E+01    0.99140080E-03
   -0.12317380E+01    0.99138501E-03
   -0.11925447E+01    0.99157559E-03
   -0.11533514E+01    0.99162532E-03
   -0.11141580E+01    0.99163309E-03
   -0.10749647E+01    0.10273759E-02
   -0.10357714E+01    0.10273656E-02
   -0.99657807E+00    0.10273737E-02
   -0.95738475E+00    0.10273681E-02
   -0.91819143E+00    0.10273003E-02
   -0.87899811E+00    0.10272989E-02
   -0.83980479E+00    0.10272982E-02
   -0.80061147E+00    0.10272611E-02
   -0.76141814E+00    0.10272612E-02
   -0.72222482E+00    0.10272612E-02
   -0.68303150E+00    0.10272650E-02
   -0.64383818E+00    0.10273016E-02
   -0.60464486E+00    0.10273227E-02
   -0.56545154E+00    0.10273341E-02
   -0.52625822E+00    0.10273259E-02
   -0.48706490E+00    0.10101403E-02
   -0.44787158E+00    0.10101401E-02
   -0.40867826E+00    0.10101055E-02
   -0.36948494E+00    0.10101046E-02
   -0.33029162E+00    0.10100915E-02
   -0.29109830E+00    0.10100915E-02
   -0.25190498E+00    0.10101234E-02
   -0.21271165E+00    0.10101260E-02
   -0.17351833E+00    0.10101275E-02
   -0.13432501E+00    0.10101275E-02
   -0.95131692E-01    0.99488181E-03
   -0.55938372E-01    0.99488181E-03
   -0.16745051E-01    0.99488176E-03
    0.22448270E-01    0.99488176E-03
    0.61641590E-01    0.99488176E-03
    0.10083491E+00    0.99488138E-03
    0.14002823E+00    0.99488138E-03
    0.17922155E+00    0.99488140E-03
    0.21841487E+00    0.99488182E-03
    0.25760819E+00    0.99488182E-03
    0.29680151E+00    0.99488182E-03
    0.33599484E+00    0.99488182E-03
    0.37518816E+00    0.99488697E-03
    0.41438148E+00    0.99488698E-03
    0.45357480E+00    0.99488698E-03
    0.49276812E+00    0.99488698E-03
    0.53196144E+00    0.99488698E-03
    0.57115476E+00    0.99488698E-03
    0.61034808E+00    0.99482076E-03
    0.64954140E+00    0.99482076E-03
    0.68873472E+00    0.99482076E-03
    0.72792804E+00    0.99482076E-03
    0.76712136E+00    0.99482076E-03
    0.80631468E+00    0.99482076E-03
    0.84550800E+00    0.99481852E-03
    0.88470133E+00    0.99481852E-03
    0.92389465E+00    0.99481852E-03
    0.96308797E+00    0.99481852E-03
    0.10022813E+01    0.99481852E-03
    0.10414746E+01    0.99481860E-03
    0.10806679E+01    0.99481860E-03
    0.11198612E+01    0.99481860E-03
    0.11590546E+01    0.99481860E-03
    0.11982479E+01    0.99481860E-03
    0.12374412E+01    0.99481860E-03
    0.12766345E+01    0.99481860E-03
    0.13158279E+01    0.99481860E-03
    0.13550212E+01    0.99481860E-03
    0.13942145E+01    0.99481860E-03
    0.14334078E+01    0.99481860E-03
    0.14726011E+01    0.99481860E-03
    0.15117945E+01    0.99481860E-03
    0.15509878E+01    0.99481860E-03
    0.15901811E+01    0.99481860E-03
    0.16293744E+01    0.99481860E-03
    0.16685677E+01    0.99481860E-03
    0.17077611E+01    0.99481860E-03
    0.17469544E+01    0.99481860E-03
    0.17861477E+01    0.99481860E-03
    0.18253410E+01    0.99481860E-03
    0.18645343E+01    0.99481860E-03
    0.19037277E+01    0.99481860E-03
    0.19429210E+01    0.99481860E-03
    0.19821143E+01    0.99481860E-03
    0.20213076E+01    0.99481860E-03
    0.20605009E+01    0.99481860E-03
    0.20996943E+01    0.99481860E-03
    0.21388876E+01    0.99481860E-03
    0.21780809E+01    0.99481860E-03
    0.22172742E+01    0.99481860E-03
    0.22564676E+01    0.99481860E-03
    0.22956609E+01    0.99481860E-03
    0.23348542E+01    0.99481860E-03
    0.23740475E+01    0.99481860E-03
    0.24132408E+01    0.99481860E-03
    0.24524342E+01    0.99481860E-03
    0.24916275E+01    0.99481860E-03
    0.25308208E+01    0.99481860E-03
    0.25700141E+01    0.99481860E-03
