   -0.86796096E+01    0.00000000E+00
   -0.76796096E+01    0.34926401E-04
   -0.76370605E+01    0.63357099E-04
   -0.75945115E+01    0.79744441E-04
   -0.75519625E+01    0.72825720E-04
   -0.75094135E+01    0.13405668E-03
   -0.74668644E+01    0.16574340E-03
   -0.74243154E+01    0.12992953E-03
   -0.73817664E+01    0.95954614E-04
   -0.73392174E+01    0.14952820E-03
   -0.72966683E+01    0.17252930E-03
   -0.72541193E+01    0.23879195E-03
   -0.72115703E+01    0.15680543E-03
   -0.71690213E+01    0.19382590E-03
   -0.71264722E+01    0.20924262E-03
   -0.70839232E+01    0.16016573E-03
   -0.70413742E+01    0.14314958E-03
   -0.69988252E+01    0.15860656E-03
   -0.69562761E+01    0.24995661E-03
   -0.69137271E+01    0.18031831E-03
   -0.68711781E+01    0.16271273E-03
   -0.68286291E+01    0.14638738E-03
   -0.67860800E+01    0.14887796E-03
   -0.67435310E+01    0.13072411E-03
   -0.67009820E+01    0.15447102E-03
   -0.66584330E+01    0.14437509E-03
   -0.66158839E+01    0.18596689E-03
   -0.65733349E+01    0.14436439E-03
   -0.65307859E+01    0.14185798E-03
   -0.64882369E+01    0.17029869E-03
   -0.64456878E+01    0.15312482E-03
   -0.64031388E+01    0.17648110E-03
   -0.63605898E+01    0.17032183E-03
   -0.63180408E+01    0.16582311E-03
   -0.62754917E+01    0.14429697E-03
   -0.62329427E+01    0.15063752E-03
   -0.61903937E+01    0.15998680E-03
   -0.61478447E+01    0.15606354E-03
   -0.61052956E+01    0.14265185E-03
   -0.60627466E+01    0.14666236E-03
   -0.60201976E+01    0.15122202E-03
   -0.59776486E+01    0.14718002E-03
   -0.59350995E+01    0.14228742E-03
   -0.58925505E+01    0.17815871E-03
   -0.58500015E+01    0.18828624E-03
   -0.58074525E+01    0.19514041E-03
   -0.57649034E+01    0.15438864E-03
   -0.57223544E+01    0.16166042E-03
   -0.56798054E+01    0.15869362E-03
   -0.56372564E+01    0.17392299E-03
   -0.55947073E+01    0.15380288E-03
   -0.55521583E+01    0.16222900E-03
   -0.55096093E+01    0.16860343E-03
   -0.54670603E+01    0.17168561E-03
   -0.54245112E+01    0.17995822E-03
   -0.53819622E+01    0.18299881E-03
   -0.53394132E+01    0.20085336E-03
   -0.52968641E+01    0.18751432E-03
   -0.52543151E+01    0.18709534E-03
   -0.52117661E+01    0.18913368E-03
   -0.51692171E+01    0.19373541E-03
   -0.51266680E+01    0.19212913E-03
   -0.50841190E+01    0.19542830E-03
   -0.50415700E+01    0.18663730E-03
   -0.49990210E+01    0.18564818E-03
   -0.49564719E+01    0.18796780E-03
   -0.49139229E+01    0.21665957E-03
   -0.48713739E+01    0.23901239E-03
   -0.48288249E+01    0.22582239E-03
   -0.47862758E+01    0.23643554E-03
   -0.47437268E+01    0.20672124E-03
   -0.47011778E+01    0.20119698E-03
   -0.46586288E+01    0.19455362E-03
   -0.46160797E+01    0.19710284E-03
   -0.45735307E+01    0.21183155E-03
   -0.45309817E+01    0.21283180E-03
   -0.44884327E+01    0.21622788E-03
   -0.44458836E+01    0.21370119E-03
   -0.44033346E+01    0.21394676E-03
   -0.43607856E+01    0.21467293E-03
   -0.43182366E+01    0.20829514E-03
   -0.42756875E+01    0.20799724E-03
   -0.42331385E+01    0.20782706E-03
   -0.41905895E+01    0.21223530E-03
   -0.41480405E+01    0.21121369E-03
   -0.41054914E+01    0.21106656E-03
   -0.40629424E+01    0.21246025E-03
   -0.40203934E+01    0.21364616E-03
   -0.39778444E+01    0.22877688E-03
   -0.39352953E+01    0.22374305E-03
   -0.38927463E+01    0.22341042E-03
   -0.38501973E+01    0.22164617E-03
   -0.38076483E+01    0.23511947E-03
   -0.37650992E+01    0.23507845E-03
   -0.37225502E+01    0.23747576E-03
   -0.36800012E+01    0.23746714E-03
   -0.36374522E+01    0.23746692E-03
   -0.35949031E+01    0.23747904E-03
   -0.35523541E+01    0.23746932E-03
   -0.35098051E+01    0.23826394E-03
   -0.34672561E+01    0.23826329E-03
   -0.34247070E+01    0.23826589E-03
   -0.33821580E+01    0.23893539E-03
   -0.33396090E+01    0.23892722E-03
   -0.32970600E+01    0.23892659E-03
   -0.32545109E+01    0.23892235E-03
   -0.32119619E+01    0.25282713E-03
   -0.31694129E+01    0.25282334E-03
   -0.31268639E+01    0.25283563E-03
   -0.30843148E+01    0.25283968E-03
   -0.30417658E+01    0.25284114E-03
   -0.29992168E+01    0.25283302E-03
   -0.29566678E+01    0.25283280E-03
   -0.29141187E+01    0.25286245E-03
   -0.28715697E+01    0.25286245E-03
   -0.28290207E+01    0.25286410E-03
   -0.27864716E+01    0.25285884E-03
   -0.27439226E+01    0.25285885E-03
   -0.27013736E+01    0.25285883E-03
   -0.26588246E+01    0.25285870E-03
   -0.26162755E+01    0.25286061E-03
   -0.25737265E+01    0.25282068E-03
   -0.25311775E+01    0.25282060E-03
   -0.24886285E+01    0.25281404E-03
   -0.24460794E+01    0.25281404E-03
   -0.24035304E+01    0.25281084E-03
   -0.23609814E+01    0.25280462E-03
   -0.23184324E+01    0.25280541E-03
   -0.22758833E+01    0.25280561E-03
   -0.22333343E+01    0.25280561E-03
   -0.21907853E+01    0.25280561E-03
   -0.21482363E+01    0.25280561E-03
   -0.21056872E+01    0.25280561E-03
   -0.20631382E+01    0.25280559E-03
   -0.20205892E+01    0.25280559E-03
   -0.19780402E+01    0.25280559E-03
   -0.19354911E+01    0.25280558E-03
   -0.18929421E+01    0.25280558E-03
   -0.18503931E+01    0.25280558E-03
   -0.18078441E+01    0.25280558E-03
   -0.17652950E+01    0.25280558E-03
   -0.17227460E+01    0.25280558E-03
   -0.16801970E+01    0.25280558E-03
   -0.16376480E+01    0.25280558E-03
   -0.15950989E+01    0.25280559E-03
   -0.15525499E+01    0.25269573E-03
   -0.15100009E+01    0.25269573E-03
   -0.14674519E+01    0.25269572E-03
   -0.14249028E+01    0.25269572E-03
   -0.13823538E+01    0.25269572E-03
   -0.13398048E+01    0.25269572E-03
   -0.12972558E+01    0.25269572E-03
   -0.12547067E+01    0.25269572E-03
   -0.12121577E+01    0.25269572E-03
   -0.11696087E+01    0.25269572E-03
   -0.11270597E+01    0.25269572E-03
   -0.10845106E+01    0.25269573E-03
   -0.10419616E+01    0.25269573E-03
   -0.99941258E+00    0.25269573E-03
   -0.95686356E+00    0.25269573E-03
   -0.91431453E+00    0.25269573E-03
   -0.87176551E+00    0.25269573E-03
   -0.82921648E+00    0.25269573E-03
   -0.78666746E+00    0.25269573E-03
   -0.74411843E+00    0.25269573E-03
   -0.70156940E+00    0.25269572E-03
   -0.65902038E+00    0.25269572E-03
   -0.61647135E+00    0.25269572E-03
   -0.57392233E+00    0.25269572E-03
   -0.53137330E+00    0.25269572E-03
   -0.48882428E+00    0.25269572E-03
   -0.44627525E+00    0.25269572E-03
   -0.40372623E+00    0.25269572E-03
   -0.36117720E+00    0.25269572E-03
   -0.31862818E+00    0.25269572E-03
   -0.27607915E+00    0.25269572E-03
   -0.23353013E+00    0.25269572E-03
   -0.19098110E+00    0.25269572E-03
   -0.14843207E+00    0.25269572E-03
   -0.10588305E+00    0.25269572E-03
   -0.63334024E-01    0.25269572E-03
   -0.20784998E-01    0.25269572E-03
    0.21764027E-01    0.25269572E-03
    0.64313053E-01    0.25269572E-03
    0.10686208E+00    0.25269572E-03
    0.14941110E+00    0.25269572E-03
    0.19196013E+00    0.25269572E-03
    0.23450915E+00    0.25269572E-03
    0.27705818E+00    0.25269572E-03
    0.31960721E+00    0.25269572E-03
    0.36215623E+00    0.25269572E-03
    0.40470526E+00    0.25269572E-03
    0.44725428E+00    0.25269572E-03
    0.48980331E+00    0.25269572E-03
    0.53235233E+00    0.25269572E-03
    0.57490136E+00    0.25269572E-03
    0.61745038E+00    0.25269572E-03
    0.65999941E+00    0.25269572E-03
    0.70254843E+00    0.25269572E-03
    0.74509746E+00    0.25269572E-03
    0.78764648E+00    0.25269572E-03
    0.83019551E+00    0.25269572E-03
    0.87274454E+00    0.25269572E-03
    0.91529356E+00    0.25269572E-03
    0.95784259E+00    0.25269572E-03
    0.10003916E+01    0.25269572E-03
    0.10429406E+01    0.25269572E-03
    0.10854897E+01    0.25269572E-03
    0.11280387E+01    0.25269572E-03
    0.11705877E+01    0.25269572E-03
    0.12131367E+01    0.25269572E-03
    0.12556858E+01    0.25269572E-03
    0.12982348E+01    0.25269572E-03
    0.13407838E+01    0.25269572E-03
    0.13833328E+01    0.25269572E-03
    0.14258819E+01    0.25269572E-03
    0.14684309E+01    0.25269572E-03
    0.15109799E+01    0.25269572E-03
    0.15535289E+01    0.25269572E-03
    0.15960780E+01    0.25269572E-03
    0.16386270E+01    0.25269572E-03
    0.16811760E+01    0.25269572E-03
    0.17237250E+01    0.25269572E-03
    0.17662741E+01    0.25269572E-03
    0.18088231E+01    0.25269572E-03
    0.18513721E+01    0.25269572E-03
    0.18939211E+01    0.25269572E-03
    0.19364702E+01    0.25269572E-03
    0.19790192E+01    0.25269572E-03
    0.20215682E+01    0.25269572E-03
    0.20641172E+01    0.25269572E-03
    0.21066663E+01    0.25269572E-03
    0.21492153E+01    0.25269572E-03
    0.21917643E+01    0.25269572E-03
    0.22343133E+01    0.25269572E-03
    0.22768624E+01    0.25269572E-03
    0.23194114E+01    0.25269572E-03
    0.23619604E+01    0.25269572E-03
