   4.0632770917336937E-006   0.0000000000000000     
   5.4143208974803480E-006   0.0000000000000000     
   7.2145881560798296E-006   0.0000000000000000     
   9.6134461269316134E-006   0.0000000000000000     
   1.2809926836576842E-005   0.0000000000000000     
   1.7069240664775704E-005   0.0000000000000000     
   2.2744780714914024E-005   0.0000000000000000     
   3.0307443660167218E-005   0.0000000000000000     
   4.0384699801124538E-005   0.0000000000000000     
   5.3812653957696100E-005   0.0000000000000000     
   7.1705416661042262E-005   0.0000000000000000     
   9.5547541338059853E-005   0.0000000000000000     
   1.2731719695463739E-004   0.0000000000000000     
   1.6965029568928388E-004   0.0000000000000000     
   2.2605919322678841E-004   0.0000000000000000     
   3.0122410712411389E-004   0.0000000000000000     
   4.0138143208222029E-004   0.0000000000000000     
   5.3484117044454453E-004   0.0000000000000000     
   7.1267640886759774E-004   0.0000000000000000     
   9.4964204669258610E-004   0.0000000000000000     
   1.2653990024440751E-003   0.0000000000000000     
   1.6861454702466480E-003   0.0000000000000000     
   2.2467905706753093E-003   2.7937384968747367E-003
   2.9938507427458520E-003   3.6802143828413461E-003
   3.9893091892164532E-003   1.1581121553299342E-002
   5.3157585914154655E-003   1.5136721879058491E-002
   7.0832537820307165E-003   8.2817882330818771E-002
   9.4384429386385402E-003  0.24988373786604468     
   1.2576734908458401E-002  0.69619188348167216     
   1.6758512181083561E-002   2.2946269273116133     
   2.2330734691294457E-002   6.6920307554658809     
   2.9755726908493374E-002   16.415725739435363     
   3.9649536662938696E-002   33.847183691208393     
   5.2833048321094415E-002   43.950090145337178     
   7.0400091144273494E-002   28.095465053423592     
   9.3808193746473298E-002   9.5072355099202657     
  0.12499951450264123        4.0498346050784368     
  0.16656198144187623        2.3140238166129112     
  0.22194401132060174        1.4594144502148105     
  0.29574062300807191        1.0149363882782467     
  0.39407468386638045       0.73802460955265836     
  0.52510492094334005       0.55189513642813337     
  0.69970284640869074       0.44884246556457741     
  0.93235476139301110       0.36349738064428794     
   1.2423636770293720       0.31082459972680432     
   1.6554508754756401       0.26079670618508344     
   2.2058899916214054       0.23317528464626930     
   2.9393506791540505       0.20765327078784199     
   3.9166877985120356       0.18772926505126369     
   5.2189905137239574       0.16948207845411314     
   6.9543102191316919       0.15656500638614340     
   9.2666255086581764       0.14529173350247490     
   12.347788006563231       0.13605783144137965     
   16.453440199193327       0.12830690786566326     
   21.924225962134859       0.12591687697232271     
   29.214053609427793       0.12140179804527403     
   38.927756435667369       0.11158484434864595     
   51.871275427029779       0.11141585703073933     
   69.118527775248495       0.10631335502832362     
   92.100509241157710       0.10344639511034467     
   122.72402314561722        9.9539151805410619E-002
   163.52988687184671        9.9550354954920706E-002
   217.90374219225566       0.10090122635166417     
   290.35696024543336        9.8350091881749493E-002
   386.90094770646141        9.8645997384463932E-002
   515.54591014324524        9.9133255077356763E-002
   686.96545470102581       0.10008868415910882     
   915.38217386199983        9.7855739406829456E-002
   1219.7476867144562       0.10146292792958361     
   1625.3150451557306       0.10414267791080631     
   2165.7339667724109       0.10455879121897119     
   2885.8427348048995       0.10352741402758495     
   3845.3884077173038       0.10579830622086675     
   5123.9840022697272       0.11018331543207728     
   6827.7139450528530       0.11396381171099614     
   9097.9358434412316       0.11628838388789825     
   12123.008854427359       0.12021522789454440     
   16153.921748137405       0.12510157274629502     
   21525.117318515084       0.12662403451679249     
   28682.240931943441       0.13489703677430323     
   38219.115496779355       0.14044765018848060     
   50927.010648229239       0.14963327636344126     
   67860.293987792626       0.15292738662427235     
   90423.911427241081       0.16225347214011770     
   120489.95483680644       0.17098788551806096     
   160552.98855610055       0.18329045818309117     
   213937.02212942563       0.19143232821623923     
   285071.30168812518       0.19877992534268546     
   379857.80225078925       0.21041001383150887     
   506160.91159066890       0.21143681278434967     
   674459.93449188024       0.20352889363283522     
   898718.55534088297       0.17897940600342602     
   1197543.3979225161       0.13141362890646005     
   1595727.8075379776        7.7988739618187336E-002
   2126308.9422624172        3.2061320514425201E-002
   2833308.8491581711        9.1339399115346661E-003
   3775386.9511438375        1.5223129174796127E-003
   5030706.9894982167        1.2475060604940120E-004
   6703422.2297448562        1.3029698805018404E-006
   8932317.0051531065        1.3455769895017428E-009
   11902321.582327656        1.1252149286498627E-015
   15859855.731431743        7.3935819848005143E-020
   21133274.049266435        0.0000000000000000     
   28160109.373269815        0.0000000000000000     
   37523374.658648446        0.0000000000000000     
   49999935.266935006        0.0000000000000000     
   66624965.090166502        0.0000000000000000     
   88777834.402544782        0.0000000000000000     
   118296555.51097512        0.0000000000000000     
   157630281.70193860        0.0000000000000000     
   210042512.24480730        0.0000000000000000     
   279881863.26744068        0.0000000000000000     
   372942870.22598165        0.0000000000000000     
   496946757.56638557        0.0000000000000000     
   662182064.79213011        0.0000000000000000     
   882358281.35732234        0.0000000000000000     
   1175743316.0383906        0.0000000000000000     
   1566679176.0399857        0.0000000000000000     
   2087601610.9601123        0.0000000000000000     
   2781731290.4477043        0.0000000000000000     
   3706659801.1950464        0.0000000000000000     
   4939127991.6127462        0.0000000000000000     
   6581393121.0162392        0.0000000000000000     
   8769713092.4555302        0.0000000000000000     
   11685651701.673561        0.0000000000000000     
   15571142892.953049        0.0000000000000000     
   20748563895.502522        0.0000000000000000     
   27647482698.304775        0.0000000000000000     
   36840299087.820259        0.0000000000000000     
   49089736367.328346        0.0000000000000000     
   65412124121.720345        0.0000000000000000     
   87161722566.574142        0.0000000000000000     
   116143084829.89278        0.0000000000000000     
   154760779807.90973        0.0000000000000000     
   206218898024.20560        0.0000000000000000     
   274786893391.86261        0.0000000000000000     
   366153817634.54041        0.0000000000000000     
   487900338016.33582        0.0000000000000000     
   650127701451.55261        0.0000000000000000     
   866295829826.88269        0.0000000000000000     
