   4.0632770917336937E-006   0.0000000000000000     
   5.4143208974803480E-006   0.0000000000000000     
   7.2145881560798296E-006   0.0000000000000000     
   9.6134461269316134E-006   0.0000000000000000     
   1.2809926836576842E-005   0.0000000000000000     
   1.7069240664775704E-005   0.0000000000000000     
   2.2744780714914024E-005   0.0000000000000000     
   3.0307443660167218E-005   0.0000000000000000     
   4.0384699801124538E-005   0.0000000000000000     
   5.3812653957696100E-005   0.0000000000000000     
   7.1705416661042262E-005   0.0000000000000000     
   9.5547541338059853E-005   0.0000000000000000     
   1.2731719695463739E-004   0.0000000000000000     
   1.6965029568928388E-004   0.0000000000000000     
   2.2605919322678841E-004   0.0000000000000000     
   3.0122410712411389E-004   0.0000000000000000     
   4.0138143208222029E-004   0.0000000000000000     
   5.3484117044454453E-004   0.0000000000000000     
   7.1267640886759774E-004   0.0000000000000000     
   9.4964204669258610E-004   0.0000000000000000     
   1.2653990024440751E-003   0.0000000000000000     
   1.6861454702466480E-003   0.0000000000000000     
   2.2467905706753093E-003   0.0000000000000000     
   2.9938507427458520E-003   0.0000000000000000     
   3.9893091892164532E-003   8.1708858522718565E-003
   5.3157585914154655E-003   1.3194546006476444E-002
   7.0832537820307165E-003   6.6700423948835894E-002
   9.4384429386385402E-003  0.29402079759780614     
   1.2576734908458401E-002  0.74318903224590427     
   1.6758512181083561E-002   2.0740622441223979     
   2.2330734691294457E-002   6.4104528437293506     
   2.9755726908493374E-002   16.336452547562651     
   3.9649536662938696E-002   33.221872785369683     
   5.2833048321094415E-002   44.269867591006111     
   7.0400091144273494E-002   28.133019119131390     
   9.3808193746473298E-002   9.7008782295894402     
  0.12499951450264123        4.1555179654580003     
  0.16656198144187623        2.3330312298883138     
  0.22194401132060174        1.5411609461385549     
  0.29574062300807191        1.0753285806918742     
  0.39407468386638045       0.81536973908067589     
  0.52510492094334005       0.63005036117787172     
  0.69970284640869074       0.52071804104415453     
  0.93235476139301110       0.42955057550242320     
   1.2423636770293720       0.36913585616187516     
   1.6554508754756401       0.32083555161298016     
   2.2058899916214054       0.27911497917588268     
   2.9393506791540505       0.24706855308821679     
   3.9166877985120356       0.22570262483381640     
   5.2189905137239574       0.20434969471596562     
   6.9543102191316919       0.19043914411717797     
   9.2666255086581764       0.17850975978488326     
   12.347788006563231       0.16778547981435732     
   16.453440199193327       0.15739861714971937     
   21.924225962134859       0.14719901482201492     
   29.214053609427793       0.14194666514447657     
   38.927756435667369       0.13786723755700925     
   51.871275427029779       0.13415833663789922     
   69.118527775248495       0.13154629682008756     
   92.100509241157710       0.13096730488642189     
   122.72402314561722       0.12429519018605197     
   163.52988687184671       0.12161134370659434     
   217.90374219225566       0.12717632751829561     
   290.35696024543336       0.12170483671874611     
   386.90094770646141       0.12280693751502611     
   515.54591014324524       0.12383484521528382     
   686.96545470102581       0.12378275253653796     
   915.38217386199983       0.12249578229457306     
   1219.7476867144562       0.12737473430631874     
   1625.3150451557306       0.12578540487854237     
   2165.7339667724109       0.13178480489017361     
   2885.8427348048995       0.13086731326540910     
   3845.3884077173038       0.13448116739354926     
   5123.9840022697272       0.13526547458560681     
   6827.7139450528530       0.14388335170736433     
   9097.9358434412316       0.14935521161069332     
   12123.008854427359       0.15287783171264807     
   16153.921748137405       0.15657198814268833     
   21525.117318515084       0.16385002994298659     
   28682.240931943441       0.17238564246156876     
   38219.115496779355       0.17733970677218502     
   50927.010648229239       0.18341797397966764     
   67860.293987792626       0.19285987318873543     
   90423.911427241081       0.20511642611074005     
   120489.95483680644       0.21653870985420223     
   160552.98855610055       0.22478595447556338     
   213937.02212942563       0.24054949694689712     
   285071.30168812518       0.24613130836860916     
   379857.80225078925       0.26392727704851615     
   506160.91159066890       0.28055236451425741     
   674459.93449188024       0.26008555877540962     
   898718.55534088297       0.22561274861504130     
   1197543.3979225161       0.16460946143691207     
   1595727.8075379776        9.5854203773573454E-002
   2126308.9422624172        4.2319040281724528E-002
   2833308.8491581711        1.2081815362209642E-002
   3775386.9511438375        2.1876120771837219E-003
   5030706.9894982167        2.9107650484405000E-004
   6703422.2297448562        1.1131555328343691E-005
   8932317.0051531065        1.1625538045760463E-009
   11902321.582327656        8.2806515182870295E-014
   15859855.731431743        2.1952373330914121E-021
   21133274.049266435        9.3445800045371744E-026
   28160109.373269815        0.0000000000000000     
   37523374.658648446        0.0000000000000000     
   49999935.266935006        0.0000000000000000     
   66624965.090166502        0.0000000000000000     
   88777834.402544782        0.0000000000000000     
   118296555.51097512        0.0000000000000000     
   157630281.70193860        0.0000000000000000     
   210042512.24480730        0.0000000000000000     
   279881863.26744068        0.0000000000000000     
   372942870.22598165        0.0000000000000000     
   496946757.56638557        0.0000000000000000     
   662182064.79213011        0.0000000000000000     
   882358281.35732234        0.0000000000000000     
   1175743316.0383906        0.0000000000000000     
   1566679176.0399857        0.0000000000000000     
   2087601610.9601123        0.0000000000000000     
   2781731290.4477043        0.0000000000000000     
   3706659801.1950464        0.0000000000000000     
   4939127991.6127462        0.0000000000000000     
   6581393121.0162392        0.0000000000000000     
   8769713092.4555302        0.0000000000000000     
   11685651701.673561        0.0000000000000000     
   15571142892.953049        0.0000000000000000     
   20748563895.502522        0.0000000000000000     
   27647482698.304775        0.0000000000000000     
   36840299087.820259        0.0000000000000000     
   49089736367.328346        0.0000000000000000     
   65412124121.720345        0.0000000000000000     
   87161722566.574142        0.0000000000000000     
   116143084829.89278        0.0000000000000000     
   154760779807.90973        0.0000000000000000     
   206218898024.20560        0.0000000000000000     
   274786893391.86261        0.0000000000000000     
   366153817634.54041        0.0000000000000000     
   487900338016.33582        0.0000000000000000     
   650127701451.55261        0.0000000000000000     
   866295829826.88269        0.0000000000000000     
