   -0.86796096E+01    0.00000000E+00
   -0.76796096E+01    0.69077520E-08
   -0.76370605E+01    0.49423831E-08
   -0.75945115E+01    0.50074156E-08
   -0.75519625E+01    0.45026009E-08
   -0.75094135E+01    0.42178980E-08
   -0.74668644E+01    0.45873514E-08
   -0.74243154E+01    0.48062919E-08
   -0.73817664E+01    0.41212575E-08
   -0.73392174E+01    0.40638500E-08
   -0.72966683E+01    0.38225028E-08
   -0.72541193E+01    0.40134943E-07
   -0.72115703E+01    0.35093337E-07
   -0.71690213E+01    0.33864767E-07
   -0.71264722E+01    0.31203003E-07
   -0.70839232E+01    0.32597435E-07
   -0.70413742E+01    0.43051967E-07
   -0.69988252E+01    0.37964366E-07
   -0.69562761E+01    0.33987025E-07
   -0.69137271E+01    0.53631958E-07
   -0.68711781E+01    0.36314188E-07
   -0.68286291E+01    0.23569428E-07
   -0.67860800E+01    0.31090246E-07
   -0.67435310E+01    0.31394877E-07
   -0.67009820E+01    0.31913298E-07
   -0.66584330E+01    0.31851616E-07
   -0.66158839E+01    0.35349149E-07
   -0.65733349E+01    0.41273260E-07
   -0.65307859E+01    0.39752897E-07
   -0.64882369E+01    0.30326937E-07
   -0.64456878E+01    0.25454977E-07
   -0.64031388E+01    0.26287273E-07
   -0.63605898E+01    0.26295185E-07
   -0.63180408E+01    0.26477294E-07
   -0.62754917E+01    0.30918790E-07
   -0.62329427E+01    0.31608182E-07
   -0.61903937E+01    0.26157926E-07
   -0.61478447E+01    0.26147867E-07
   -0.61052956E+01    0.26480565E-07
   -0.60627466E+01    0.26480158E-07
   -0.60201976E+01    0.27102062E-07
   -0.59776486E+01    0.24754456E-07
   -0.59350995E+01    0.24755598E-07
   -0.58925505E+01    0.24750671E-07
   -0.58500015E+01    0.24750505E-07
   -0.58074525E+01    0.28411193E-07
   -0.57649034E+01    0.28410060E-07
   -0.57223544E+01    0.28398922E-07
   -0.56798054E+01    0.28406488E-07
   -0.56372564E+01    0.28408903E-07
   -0.55947073E+01    0.27023017E-07
   -0.55521583E+01    0.27024641E-07
   -0.55096093E+01    0.27010465E-07
   -0.54670603E+01    0.27013204E-07
   -0.54245112E+01    0.27019115E-07
   -0.53819622E+01    0.27017177E-07
   -0.53394132E+01    0.27089809E-07
   -0.52968641E+01    0.27164685E-07
   -0.52543151E+01    0.26322884E-07
   -0.52117661E+01    0.26320218E-07
   -0.51692171E+01    0.26319412E-07
   -0.51266680E+01    0.26321739E-07
   -0.50841190E+01    0.26320616E-07
   -0.50415700E+01    0.26320139E-07
   -0.49990210E+01    0.26322258E-07
   -0.49564719E+01    0.26321722E-07
   -0.49139229E+01    0.26321966E-07
   -0.48713739E+01    0.26320942E-07
   -0.48288249E+01    0.26320601E-07
   -0.47862758E+01    0.26320882E-07
   -0.47437268E+01    0.26320671E-07
   -0.47011778E+01    0.26320633E-07
   -0.46586288E+01    0.26323280E-07
   -0.46160797E+01    0.26323163E-07
   -0.45735307E+01    0.26323167E-07
   -0.45309817E+01    0.26322675E-07
   -0.44884327E+01    0.26322758E-07
   -0.44458836E+01    0.26322739E-07
   -0.44033346E+01    0.26322916E-07
   -0.43607856E+01    0.26322932E-07
   -0.43182366E+01    0.26322932E-07
   -0.42756875E+01    0.26322965E-07
   -0.42331385E+01    0.26322978E-07
   -0.41905895E+01    0.26322969E-07
   -0.41480405E+01    0.26325453E-07
   -0.41054914E+01    0.26325452E-07
   -0.40629424E+01    0.26325454E-07
   -0.40203934E+01    0.26324894E-07
   -0.39778444E+01    0.26324587E-07
   -0.39352953E+01    0.26324594E-07
   -0.38927463E+01    0.26324572E-07
   -0.38501973E+01    0.26324572E-07
   -0.38076483E+01    0.26324572E-07
   -0.37650992E+01    0.26324572E-07
   -0.37225502E+01    0.26324445E-07
   -0.36800012E+01    0.26324582E-07
   -0.36374522E+01    0.26324582E-07
   -0.35949031E+01    0.26324582E-07
   -0.35523541E+01    0.26324582E-07
   -0.35098051E+01    0.26324582E-07
   -0.34672561E+01    0.26324590E-07
   -0.34247070E+01    0.26324590E-07
   -0.33821580E+01    0.26324591E-07
   -0.33396090E+01    0.26324591E-07
   -0.32970600E+01    0.26324591E-07
   -0.32545109E+01    0.26324597E-07
   -0.32119619E+01    0.26324597E-07
   -0.31694129E+01    0.26324597E-07
   -0.31268639E+01    0.26324598E-07
   -0.30843148E+01    0.26324590E-07
   -0.30417658E+01    0.26324590E-07
   -0.29992168E+01    0.26324590E-07
   -0.29566678E+01    0.26324590E-07
   -0.29141187E+01    0.26324585E-07
   -0.28715697E+01    0.26324585E-07
   -0.28290207E+01    0.26324585E-07
   -0.27864716E+01    0.26324585E-07
   -0.27439226E+01    0.26324585E-07
   -0.27013736E+01    0.26324585E-07
   -0.26588246E+01    0.26324871E-07
   -0.26162755E+01    0.26324871E-07
   -0.25737265E+01    0.26324871E-07
   -0.25311775E+01    0.26324871E-07
   -0.24886285E+01    0.26324871E-07
   -0.24460794E+01    0.26324871E-07
   -0.24035304E+01    0.26324871E-07
   -0.23609814E+01    0.26324871E-07
   -0.23184324E+01    0.26324871E-07
   -0.22758833E+01    0.26324871E-07
   -0.22333343E+01    0.26324871E-07
   -0.21907853E+01    0.26324871E-07
   -0.21482363E+01    0.26324871E-07
   -0.21056872E+01    0.26324871E-07
   -0.20631382E+01    0.26324871E-07
   -0.20205892E+01    0.26324871E-07
   -0.19780402E+01    0.26324871E-07
   -0.19354911E+01    0.26324871E-07
   -0.18929421E+01    0.26324871E-07
   -0.18503931E+01    0.26324871E-07
   -0.18078441E+01    0.26324871E-07
   -0.17652950E+01    0.26324871E-07
   -0.17227460E+01    0.26324871E-07
   -0.16801970E+01    0.26324871E-07
   -0.16376480E+01    0.26324871E-07
   -0.15950989E+01    0.26324871E-07
   -0.15525499E+01    0.26324871E-07
   -0.15100009E+01    0.26324871E-07
   -0.14674519E+01    0.26324871E-07
   -0.14249028E+01    0.26324871E-07
   -0.13823538E+01    0.26324871E-07
   -0.13398048E+01    0.26324871E-07
   -0.12972558E+01    0.26324871E-07
   -0.12547067E+01    0.26324871E-07
   -0.12121577E+01    0.26324871E-07
   -0.11696087E+01    0.26324871E-07
   -0.11270597E+01    0.26324871E-07
   -0.10845106E+01    0.26324871E-07
   -0.10419616E+01    0.26324871E-07
   -0.99941258E+00    0.26324871E-07
   -0.95686356E+00    0.26324871E-07
   -0.91431453E+00    0.26324871E-07
   -0.87176551E+00    0.26324871E-07
   -0.82921648E+00    0.26324871E-07
   -0.78666746E+00    0.26324871E-07
   -0.74411843E+00    0.26324871E-07
   -0.70156940E+00    0.26324871E-07
   -0.65902038E+00    0.26324871E-07
   -0.61647135E+00    0.26324871E-07
   -0.57392233E+00    0.26324871E-07
   -0.53137330E+00    0.26324871E-07
   -0.48882428E+00    0.26324871E-07
   -0.44627525E+00    0.26324871E-07
   -0.40372623E+00    0.26324871E-07
   -0.36117720E+00    0.26324871E-07
   -0.31862818E+00    0.26324871E-07
   -0.27607915E+00    0.26324871E-07
   -0.23353013E+00    0.26324871E-07
   -0.19098110E+00    0.26324871E-07
   -0.14843207E+00    0.26324871E-07
   -0.10588305E+00    0.26324871E-07
   -0.63334024E-01    0.26324871E-07
   -0.20784998E-01    0.26324871E-07
    0.21764027E-01    0.26324871E-07
    0.64313053E-01    0.26324871E-07
    0.10686208E+00    0.26324871E-07
    0.14941110E+00    0.26324871E-07
    0.19196013E+00    0.26324871E-07
    0.23450915E+00    0.26324871E-07
    0.27705818E+00    0.26324871E-07
    0.31960721E+00    0.26324871E-07
    0.36215623E+00    0.26324871E-07
    0.40470526E+00    0.26324871E-07
    0.44725428E+00    0.26324871E-07
    0.48980331E+00    0.26324871E-07
    0.53235233E+00    0.26324871E-07
    0.57490136E+00    0.26324871E-07
    0.61745038E+00    0.26324871E-07
    0.65999941E+00    0.26324871E-07
    0.70254843E+00    0.26324871E-07
    0.74509746E+00    0.26324871E-07
    0.78764648E+00    0.26324871E-07
    0.83019551E+00    0.26324871E-07
    0.87274454E+00    0.26324871E-07
    0.91529356E+00    0.26324871E-07
    0.95784259E+00    0.26324871E-07
    0.10003916E+01    0.26324871E-07
    0.10429406E+01    0.26324871E-07
    0.10854897E+01    0.26324871E-07
    0.11280387E+01    0.26324871E-07
    0.11705877E+01    0.26324871E-07
    0.12131367E+01    0.26324871E-07
    0.12556858E+01    0.26324871E-07
    0.12982348E+01    0.26324871E-07
    0.13407838E+01    0.26324871E-07
    0.13833328E+01    0.26324871E-07
    0.14258819E+01    0.26324871E-07
    0.14684309E+01    0.26324871E-07
    0.15109799E+01    0.26324871E-07
    0.15535289E+01    0.26324871E-07
    0.15960780E+01    0.26324871E-07
    0.16386270E+01    0.26324871E-07
    0.16811760E+01    0.26324871E-07
    0.17237250E+01    0.26324871E-07
    0.17662741E+01    0.26324871E-07
    0.18088231E+01    0.26324871E-07
    0.18513721E+01    0.26324871E-07
    0.18939211E+01    0.26324871E-07
    0.19364702E+01    0.26324871E-07
    0.19790192E+01    0.26324871E-07
    0.20215682E+01    0.26324871E-07
    0.20641172E+01    0.26324871E-07
    0.21066663E+01    0.26324871E-07
    0.21492153E+01    0.26324871E-07
    0.21917643E+01    0.26324871E-07
    0.22343133E+01    0.26324871E-07
    0.22768624E+01    0.26324871E-07
    0.23194114E+01    0.26324871E-07
    0.23619604E+01    0.26324871E-07
