   4.0632770917336937E-006   0.0000000000000000     
   5.4143208974803480E-006   0.0000000000000000     
   7.2145881560798296E-006   0.0000000000000000     
   9.6134461269316134E-006   0.0000000000000000     
   1.2809926836576842E-005   0.0000000000000000     
   1.7069240664775704E-005   0.0000000000000000     
   2.2744780714914024E-005   0.0000000000000000     
   3.0307443660167218E-005   0.0000000000000000     
   4.0384699801124538E-005   0.0000000000000000     
   5.3812653957696100E-005   0.0000000000000000     
   7.1705416661042262E-005   0.0000000000000000     
   9.5547541338059853E-005   0.0000000000000000     
   1.2731719695463739E-004   0.0000000000000000     
   1.6965029568928388E-004   0.0000000000000000     
   2.2605919322678841E-004   0.0000000000000000     
   3.0122410712411389E-004   0.0000000000000000     
   4.0138143208222029E-004   0.0000000000000000     
   5.3484117044454453E-004   0.0000000000000000     
   7.1267640886759774E-004   0.0000000000000000     
   9.4964204669258610E-004   0.0000000000000000     
   1.2653990024440751E-003   0.0000000000000000     
   1.6861454702466480E-003   0.0000000000000000     
   2.2467905706753093E-003   0.0000000000000000     
   2.9938507427458520E-003   6.4778323287696688E-003
   3.9893091892164532E-003   3.9948087140225365E-004
   5.3157585914154655E-003   2.6219585109394126E-002
   7.0832537820307165E-003   7.9718451685256583E-002
   9.4384429386385402E-003  0.22146994804770428     
   1.2576734908458401E-002  0.80408191168515197     
   1.6758512181083561E-002   2.0318019566199435     
   2.2330734691294457E-002   6.1809407178054947     
   2.9755726908493374E-002   15.672682285759231     
   3.9649536662938696E-002   32.724442220719006     
   5.2833048321094415E-002   43.533180624799073     
   7.0400091144273494E-002   29.064224490119226     
   9.3808193746473298E-002   9.9868485498812980     
  0.12499951450264123        4.2738853060423159     
  0.16656198144187623        2.3646397400663388     
  0.22194401132060174        1.5711815608821191     
  0.29574062300807191        1.0409814127008470     
  0.39407468386638045       0.80893717339278348     
  0.52510492094334005       0.61276392061971385     
  0.69970284640869074       0.48624509018125800     
  0.93235476139301110       0.40125218581347166     
   1.2423636770293720       0.33572278059091282     
   1.6554508754756401       0.29416221132006953     
   2.2058899916214054       0.26250285608336488     
   2.9393506791540505       0.23150042625481346     
   3.9166877985120356       0.20869213775179615     
   5.2189905137239574       0.19110392727987882     
   6.9543102191316919       0.17953232398467675     
   9.2666255086581764       0.16622323756450799     
   12.347788006563231       0.15308000846734682     
   16.453440199193327       0.14878482097949236     
   21.924225962134859       0.13757363266416178     
   29.214053609427793       0.13346225312155838     
   38.927756435667369       0.12643630840271489     
   51.871275427029779       0.12740678316002710     
   69.118527775248495       0.12147965930143786     
   92.100509241157710       0.11791420602919904     
   122.72402314561722       0.11524442683460025     
   163.52988687184671       0.11187603124880005     
   217.90374219225566       0.11145291653541049     
   290.35696024543336       0.11035469609279830     
   386.90094770646141       0.11097995864502577     
   515.54591014324524       0.11034925448844714     
   686.96545470102581       0.11032045521481951     
   915.38217386199983       0.11401479455247304     
   1219.7476867144562       0.11329717057544189     
   1625.3150451557306       0.11603486464598918     
   2165.7339667724109       0.11684948333392733     
   2885.8427348048995       0.12361909956589477     
   3845.3884077173038       0.12491473782530511     
   5123.9840022697272       0.12637380183626648     
   6827.7139450528530       0.12791571565785062     
   9097.9358434412316       0.13500579584955949     
   12123.008854427359       0.13914570313778366     
   16153.921748137405       0.14370198026029438     
   21525.117318515084       0.15392457567753642     
   28682.240931943441       0.15695510407227051     
   38219.115496779355       0.17047926841989217     
   50927.010648229239       0.17703280915107142     
   67860.293987792626       0.18193112720536619     
   90423.911427241081       0.19189147118172459     
   120489.95483680644       0.20540078394728448     
   160552.98855610055       0.21314682914446392     
   213937.02212942563       0.22791549723167379     
   285071.30168812518       0.24195988195263976     
   379857.80225078925       0.25298494181355885     
   506160.91159066890       0.25824220552583399     
   674459.93449188024       0.24338808829733838     
   898718.55534088297       0.21670906955839458     
   1197543.3979225161       0.15475975305144166     
   1595727.8075379776        8.8653726291342910E-002
   2126308.9422624172        4.2666711755984382E-002
   2833308.8491581711        1.0911279849438701E-002
   3775386.9511438375        1.7378317006526310E-003
   5030706.9894982167        1.1676804610667355E-004
   6703422.2297448562        2.6385004136422013E-006
   8932317.0051531065        3.0610267235571056E-008
   11902321.582327656        2.4496168033531536E-013
   15859855.731431743        1.0690939414182302E-019
   21133274.049266435        0.0000000000000000     
   28160109.373269815        0.0000000000000000     
   37523374.658648446        0.0000000000000000     
   49999935.266935006        0.0000000000000000     
   66624965.090166502        0.0000000000000000     
   88777834.402544782        0.0000000000000000     
   118296555.51097512        0.0000000000000000     
   157630281.70193860        0.0000000000000000     
   210042512.24480730        0.0000000000000000     
   279881863.26744068        0.0000000000000000     
   372942870.22598165        0.0000000000000000     
   496946757.56638557        0.0000000000000000     
   662182064.79213011        0.0000000000000000     
   882358281.35732234        0.0000000000000000     
   1175743316.0383906        0.0000000000000000     
   1566679176.0399857        0.0000000000000000     
   2087601610.9601123        0.0000000000000000     
   2781731290.4477043        0.0000000000000000     
   3706659801.1950464        0.0000000000000000     
   4939127991.6127462        0.0000000000000000     
   6581393121.0162392        0.0000000000000000     
   8769713092.4555302        0.0000000000000000     
   11685651701.673561        0.0000000000000000     
   15571142892.953049        0.0000000000000000     
   20748563895.502522        0.0000000000000000     
   27647482698.304775        0.0000000000000000     
   36840299087.820259        0.0000000000000000     
   49089736367.328346        0.0000000000000000     
   65412124121.720345        0.0000000000000000     
   87161722566.574142        0.0000000000000000     
   116143084829.89278        0.0000000000000000     
   154760779807.90973        0.0000000000000000     
   206218898024.20560        0.0000000000000000     
   274786893391.86261        0.0000000000000000     
   366153817634.54041        0.0000000000000000     
   487900338016.33582        0.0000000000000000     
   650127701451.55261        0.0000000000000000     
   866295829826.88269        0.0000000000000000     
