   4.0632770917336937E-006   0.0000000000000000     
   5.4143208974803480E-006   0.0000000000000000     
   7.2145881560798296E-006   0.0000000000000000     
   9.6134461269316134E-006   0.0000000000000000     
   1.2809926836576842E-005   0.0000000000000000     
   1.7069240664775704E-005   0.0000000000000000     
   2.2744780714914024E-005   0.0000000000000000     
   3.0307443660167218E-005   0.0000000000000000     
   4.0384699801124538E-005   0.0000000000000000     
   5.3812653957696100E-005   0.0000000000000000     
   7.1705416661042262E-005   0.0000000000000000     
   9.5547541338059853E-005   0.0000000000000000     
   1.2731719695463739E-004   0.0000000000000000     
   1.6965029568928388E-004   0.0000000000000000     
   2.2605919322678841E-004   0.0000000000000000     
   3.0122410712411389E-004   0.0000000000000000     
   4.0138143208222029E-004   0.0000000000000000     
   5.3484117044454453E-004   0.0000000000000000     
   7.1267640886759774E-004   0.0000000000000000     
   9.4964204669258610E-004   0.0000000000000000     
   1.2653990024440751E-003   0.0000000000000000     
   1.6861454702466480E-003   0.0000000000000000     
   2.2467905706753093E-003   6.4793709458795031E-003
   2.9938507427458520E-003   0.0000000000000000     
   3.9893091892164532E-003   1.0839849893863617E-002
   5.3157585914154655E-003   1.5400036607305840E-002
   7.0832537820307165E-003   7.1944927464084374E-002
   9.4384429386385402E-003  0.21804540312489887     
   1.2576734908458401E-002  0.70712359137999914     
   1.6758512181083561E-002   1.9731530311506096     
   2.2330734691294457E-002   6.2689009438316967     
   2.9755726908493374E-002   16.434527791777590     
   3.9649536662938696E-002   32.195572467332909     
   5.2833048321094415E-002   43.625333315601239     
   7.0400091144273494E-002   28.081686056625745     
   9.3808193746473298E-002   9.6286444758290841     
  0.12499951450264123        4.1516311897914502     
  0.16656198144187623        2.2865219851672038     
  0.22194401132060174        1.5337197306844563     
  0.29574062300807191        1.0636342624973072     
  0.39407468386638045       0.76555764788831604     
  0.52510492094334005       0.58566503575004647     
  0.69970284640869074       0.47601255421769723     
  0.93235476139301110       0.39041094559103168     
   1.2423636770293720       0.33709358452142929     
   1.6554508754756401       0.29243979279243426     
   2.2058899916214054       0.25549397827998932     
   2.9393506791540505       0.23065336024512142     
   3.9166877985120356       0.20908846946597731     
   5.2189905137239574       0.19317314137639435     
   6.9543102191316919       0.17338022237143055     
   9.2666255086581764       0.15928238328007699     
   12.347788006563231       0.14946319141757666     
   16.453440199193327       0.14514690928258431     
   21.924225962134859       0.13353031599079179     
   29.214053609427793       0.12833954693581803     
   38.927756435667369       0.12522864628857056     
   51.871275427029779       0.12324902199625740     
   69.118527775248495       0.11914778195404720     
   92.100509241157710       0.11478674648171254     
   122.72402314561722       0.11269519986670423     
   163.52988687184671       0.10822512031587492     
   217.90374219225566       0.10893156103908545     
   290.35696024543336       0.10608376248105511     
   386.90094770646141       0.10587512277193131     
   515.54591014324524       0.10892991322112842     
   686.96545470102581       0.10744397964132145     
   915.38217386199983       0.10803543136571599     
   1219.7476867144562       0.10793512173200287     
   1625.3150451557306       0.11082685833341904     
   2165.7339667724109       0.11114547380700228     
   2885.8427348048995       0.11047644694500458     
   3845.3884077173038       0.11562219118188748     
   5123.9840022697272       0.11697960318300960     
   6827.7139450528530       0.12333376898979381     
   9097.9358434412316       0.12537146982301980     
   12123.008854427359       0.13247487979445979     
   16153.921748137405       0.13181984417882159     
   21525.117318515084       0.13802381178709971     
   28682.240931943441       0.14565474169809789     
   38219.115496779355       0.15481126892322541     
   50927.010648229239       0.15661766075409314     
   67860.293987792626       0.16646955400174202     
   90423.911427241081       0.17137450218906106     
   120489.95483680644       0.18070696312238194     
   160552.98855610055       0.19206267241752867     
   213937.02212942563       0.20644963986627674     
   285071.30168812518       0.21691980564582866     
   379857.80225078925       0.23180953972369961     
   506160.91159066890       0.23483832062892387     
   674459.93449188024       0.22945217495996514     
   898718.55534088297       0.19624863978989507     
   1197543.3979225161       0.14185055084552642     
   1595727.8075379776        8.2080469314534985E-002
   2126308.9422624172        3.5512309838166056E-002
   2833308.8491581711        1.0040950591276080E-002
   3775386.9511438375        2.2976281298008067E-003
   5030706.9894982167        1.5326938157272699E-004
   6703422.2297448562        4.0823458126961497E-006
   8932317.0051531065        4.4417089440453730E-008
   11902321.582327656        5.4614427110363727E-016
   15859855.731431743        1.4627391643730192E-022
   21133274.049266435        0.0000000000000000     
   28160109.373269815        0.0000000000000000     
   37523374.658648446        0.0000000000000000     
   49999935.266935006        0.0000000000000000     
   66624965.090166502        0.0000000000000000     
   88777834.402544782        0.0000000000000000     
   118296555.51097512        0.0000000000000000     
   157630281.70193860        0.0000000000000000     
   210042512.24480730        0.0000000000000000     
   279881863.26744068        0.0000000000000000     
   372942870.22598165        0.0000000000000000     
   496946757.56638557        0.0000000000000000     
   662182064.79213011        0.0000000000000000     
   882358281.35732234        0.0000000000000000     
   1175743316.0383906        0.0000000000000000     
   1566679176.0399857        0.0000000000000000     
   2087601610.9601123        0.0000000000000000     
   2781731290.4477043        0.0000000000000000     
   3706659801.1950464        0.0000000000000000     
   4939127991.6127462        0.0000000000000000     
   6581393121.0162392        0.0000000000000000     
   8769713092.4555302        0.0000000000000000     
   11685651701.673561        0.0000000000000000     
   15571142892.953049        0.0000000000000000     
   20748563895.502522        0.0000000000000000     
   27647482698.304775        0.0000000000000000     
   36840299087.820259        0.0000000000000000     
   49089736367.328346        0.0000000000000000     
   65412124121.720345        0.0000000000000000     
   87161722566.574142        0.0000000000000000     
   116143084829.89278        0.0000000000000000     
   154760779807.90973        0.0000000000000000     
   206218898024.20560        0.0000000000000000     
   274786893391.86261        0.0000000000000000     
   366153817634.54041        0.0000000000000000     
   487900338016.33582        0.0000000000000000     
   650127701451.55261        0.0000000000000000     
   866295829826.88269        0.0000000000000000     
