   4.0632770917336937E-006   0.0000000000000000     
   5.4143208974803480E-006   0.0000000000000000     
   7.2145881560798296E-006   0.0000000000000000     
   9.6134461269316134E-006   0.0000000000000000     
   1.2809926836576842E-005   0.0000000000000000     
   1.7069240664775704E-005   0.0000000000000000     
   2.2744780714914024E-005   0.0000000000000000     
   3.0307443660167218E-005   0.0000000000000000     
   4.0384699801124538E-005   0.0000000000000000     
   5.3812653957696100E-005   0.0000000000000000     
   7.1705416661042262E-005   0.0000000000000000     
   9.5547541338059853E-005   0.0000000000000000     
   1.2731719695463739E-004   0.0000000000000000     
   1.6965029568928388E-004   0.0000000000000000     
   2.2605919322678841E-004   0.0000000000000000     
   3.0122410712411389E-004   0.0000000000000000     
   4.0138143208222029E-004   0.0000000000000000     
   5.3484117044454453E-004   0.0000000000000000     
   7.1267640886759774E-004   0.0000000000000000     
   9.4964204669258610E-004   0.0000000000000000     
   1.2653990024440751E-003   0.0000000000000000     
   1.6861454702466480E-003   0.0000000000000000     
   2.2467905706753093E-003   3.2946124474122827E-003
   2.9938507427458520E-003   2.4028618286306546E-003
   3.9893091892164532E-003   0.0000000000000000     
   5.3157585914154655E-003   1.9112435145023466E-002
   7.0832537820307165E-003   7.0518820498826601E-002
   9.4384429386385402E-003  0.21399766182151936     
   1.2576734908458401E-002  0.65154313791552887     
   1.6758512181083561E-002   2.0711461428898201     
   2.2330734691294457E-002   6.0266648010424877     
   2.9755726908493374E-002   16.064268313623504     
   3.9649536662938696E-002   33.385724732830880     
   5.2833048321094415E-002   43.711169852287767     
   7.0400091144273494E-002   29.011050808293881     
   9.3808193746473298E-002   9.7357524936844211     
  0.12499951450264123        4.3677033622644297     
  0.16656198144187623        2.5030923064471602     
  0.22194401132060174        1.6334049191192712     
  0.29574062300807191        1.1173599960325704     
  0.39407468386638045       0.80520088799882938     
  0.52510492094334005       0.63346704717673452     
  0.69970284640869074       0.52192029193393119     
  0.93235476139301110       0.43033519718668717     
   1.2423636770293720       0.36025838854867620     
   1.6554508754756401       0.32066390630983876     
   2.2058899916214054       0.27639594468625739     
   2.9393506791540505       0.25341721192320893     
   3.9166877985120356       0.21862292833417424     
   5.2189905137239574       0.20531860671581750     
   6.9543102191316919       0.19253204895457288     
   9.2666255086581764       0.17537237034329978     
   12.347788006563231       0.17019854493921266     
   16.453440199193327       0.16053147086681752     
   21.924225962134859       0.15020331034202286     
   29.214053609427793       0.14252814085517684     
   38.927756435667369       0.13919501537141096     
   51.871275427029779       0.13591761478856582     
   69.118527775248495       0.13559670721015230     
   92.100509241157710       0.13175727712230534     
   122.72402314561722       0.13044980771835157     
   163.52988687184671       0.12855559458805635     
   217.90374219225566       0.12558214859924166     
   290.35696024543336       0.12307540679722145     
   386.90094770646141       0.12455968432963006     
   515.54591014324524       0.12385134876779096     
   686.96545470102581       0.12443882200211490     
   915.38217386199983       0.13138606793194474     
   1219.7476867144562       0.12934633709969681     
   1625.3150451557306       0.12914394448813762     
   2165.7339667724109       0.13165622154821813     
   2885.8427348048995       0.13451900899068298     
   3845.3884077173038       0.13835991628962743     
   5123.9840022697272       0.14175798832006417     
   6827.7139450528530       0.14558022258268910     
   9097.9358434412316       0.15023088518562927     
   12123.008854427359       0.15703442140795862     
   16153.921748137405       0.16306073848951272     
   21525.117318515084       0.16429028948300986     
   28682.240931943441       0.17071246179025007     
   38219.115496779355       0.17907499559278983     
   50927.010648229239       0.18287174629784095     
   67860.293987792626       0.19315779125933957     
   90423.911427241081       0.20667722894100216     
   120489.95483680644       0.21547254897467652     
   160552.98855610055       0.22583375764702221     
   213937.02212942563       0.23729608171937275     
   285071.30168812518       0.24894625137646317     
   379857.80225078925       0.26069833030855816     
   506160.91159066890       0.25892273657660536     
   674459.93449188024       0.25062562819026274     
   898718.55534088297       0.21887357336540297     
   1197543.3979225161       0.15784714480496351     
   1595727.8075379776        9.4793514740739535E-002
   2126308.9422624172        4.1003791837595310E-002
   2833308.8491581711        1.0656824585932395E-002
   3775386.9511438375        1.8698450724581287E-003
   5030706.9894982167        1.1398173769709028E-004
   6703422.2297448562        5.8528686244473969E-006
   8932317.0051531065        5.5871662268195768E-009
   11902321.582327656        2.9046637137994750E-013
   15859855.731431743        3.3078442160669507E-019
   21133274.049266435        6.7831789964350633E-027
   28160109.373269815        0.0000000000000000     
   37523374.658648446        0.0000000000000000     
   49999935.266935006        0.0000000000000000     
   66624965.090166502        0.0000000000000000     
   88777834.402544782        0.0000000000000000     
   118296555.51097512        0.0000000000000000     
   157630281.70193860        0.0000000000000000     
   210042512.24480730        0.0000000000000000     
   279881863.26744068        0.0000000000000000     
   372942870.22598165        0.0000000000000000     
   496946757.56638557        0.0000000000000000     
   662182064.79213011        0.0000000000000000     
   882358281.35732234        0.0000000000000000     
   1175743316.0383906        0.0000000000000000     
   1566679176.0399857        0.0000000000000000     
   2087601610.9601123        0.0000000000000000     
   2781731290.4477043        0.0000000000000000     
   3706659801.1950464        0.0000000000000000     
   4939127991.6127462        0.0000000000000000     
   6581393121.0162392        0.0000000000000000     
   8769713092.4555302        0.0000000000000000     
   11685651701.673561        0.0000000000000000     
   15571142892.953049        0.0000000000000000     
   20748563895.502522        0.0000000000000000     
   27647482698.304775        0.0000000000000000     
   36840299087.820259        0.0000000000000000     
   49089736367.328346        0.0000000000000000     
   65412124121.720345        0.0000000000000000     
   87161722566.574142        0.0000000000000000     
   116143084829.89278        0.0000000000000000     
   154760779807.90973        0.0000000000000000     
   206218898024.20560        0.0000000000000000     
   274786893391.86261        0.0000000000000000     
   366153817634.54041        0.0000000000000000     
   487900338016.33582        0.0000000000000000     
   650127701451.55261        0.0000000000000000     
   866295829826.88269        0.0000000000000000     
