  -1.2359967795267045E+020
  -1.2359967795267045E+019
  -1.1296641078226971E+019
  -1.0324792245749363E+019
  -9.4365514651384709E+018
  -8.6247259445697413E+018
  -7.8827416873355540E+018
  -7.2045902569670134E+018
  -6.5847801221466634E+018
  -6.0182921874132009E+018
  -5.5005391495549215E+018
  -5.0273283505683476E+018
  -4.5948278263728609E+018
  -4.1995352763508188E+018
  -3.8382497024348375E+018
  -3.5080454880813891E+018
  -3.2062487072275415E+018
  -2.9304154713856364E+018
  -2.6783121395351178E+018
  -2.4478972305552579E+018
  -2.2373048917293804E+018
  -2.0448297894519073E+018
  -1.8689132997862753E+018
  -1.7081308870476877E+018
  -1.5611805682050550E+018
  -1.4268723696892050E+018
  -1.3041186912307704E+018
  -1.1919254986960765E+018
  -1.0893842746024206E+018
  -9.9566466112966963E+017
  -9.1000773605279053E+017
  -8.3171986714518579E+017
  -7.6016709528706202E+017
  -6.9477000079438861E+017
  -6.3499901139702771E+017
  -5.8037011387101235E+017
  -5.3044093459864000E+017
  -4.8480715731756774E+017
  -4.4309924905057203E+017
  -4.0497946770322195E+017
  -3.7013912709760966E+017
  -3.3829609729493562E+017
  -3.0919251996507891E+017
  -2.8259272030267930E+017
  -2.5828129858085744E+017
  -2.3606138588836678E+017
  -2.1575304992549114E+017
  -1.9719183794915373E+017
  -1.8022744506830307E+017
  -1.6472249710570538E+017
  -1.5055143817000774E+017
  -1.3759951392985912E+017
  -1.2576184235684952E+017
  -1.1494256441233682E+017
  -1.0505406780059491E+017
  -96016277502396304.     
  -87756007343915152.     
  -80206367350089120.     
  -73306222083307888.     
  -66999695581167424.     
  -61235718884376384.     
  -55967616490788720.     
  -51152728386751968.     
  -46752064595058624.     
  -42729989442100264.     
  -39053932987485224.     
  -35694127279335448.     
  -32623365299512136.     
  -29816780646758212.     
  -27251646173676328.     
  -24907189946946584.     
  -22764427040467024.     
  -20806005799312400.     
  -19016067329588276.     
  -17380117076358088.     
  -15884907449707386.     
  -14518330548475424.     
  -13269320112952730.     
  -12127761912577582.     
  -11084411842969562.     
  -10130821069066556.     
  -9259267608189744.0     
  -8462693799010238.0     
  -7734649150053892.0     
  -7069238104943164.0     
  -6461072301389677.0     
  -5905226937340587.0     
  -5397200890940731.0     
  -4932880271370236.0     
  -4508505105399625.0     
  -4120638889897126.5     
  -3766140763730504.5     
  -3442140073717232.0     
  -3146013128663267.0     
  -2875361953249407.5     
  -2627994869718542.5     
  -2401908750118293.5     
  -2195272795381331.5     
  -2006413709889694.8     
  -1833802151469761.2     
  -1676040347092727.0     
  -1531850773995032.0     
  -1400065814560820.2     
  -1279618301193749.2     
  -1169532874612478.2     
  -1068918085591075.6     
  -976959176185862.25     
  -892911481992542.38     
  -816094402006453.00     
  -745885887255096.12     
  -681717403573026.75     
  -623069327728689.50     
  -569466739621962.25     
  -520475576478510.69     
  -475699117898387.31     
  -434774773295528.06     
  -397371145713488.12     
  -363185348240797.69     
  -331940551294819.94     
  -303383740912518.56     
  -277283669895232.03     
  -253428985216245.78     
  -231626516527291.56     
  -211699711904652.84     
  -193487208167862.97     
  -176841524193737.56     
  -161627866644460.19     
  -147723038438754.41     
  -135014441127164.77     
  -123399163092886.80     
  -112783146194582.52     
  -103080424102826.05     
  -94212426162384.141     
  -86107341143150.453     
  -78699535727520.125     
  -71929023025232.469     
  -65740976811826.633     
  -60085287557110.672     
  -54916156648454.383     
  -50191725523009.227     
  -45873736705643.969     
  -41927224007750.719     
  -38320229378214.789     
  -35023544113665.574     
  -32010472332382.059     
  -29256614796513.047     
  -26739671332049.102     
  -24439260246582.840     
  -22336753282540.590     
  -20415124769369.793     
  -18658813753147.727     
  -17053597987165.355     
  -15586478763087.988     
  -14245575650078.594     
  -13020030289503.766     
  -11899918466170.213     
  -10876169744064.119     
  -9940494015818.6973     
  -9085314371123.8027     
  -8303705740458.6367     
  -7589338817298.0752     
  -6936428804685.2051     
  -6339688571131.1514     
  -5794285836507.6348     
  -5295804041232.6631     
  -4840206581876.1982     
  -4423804123572.6201     
  -4043224724543.1182     
  -3695386530802.0264     
  -3377472819934.8804     
  -3086909191857.4097     
  -2821342721851.2803     
  -2578622907061.8071     
  -2356784252166.5771     
  -2154030353197.0657     
  -1968719350627.3979     
  -1799350633932.4016     
  -1644552689951.0269     
  -1503071996653.8616     
  -1373762872378.5654     
  -1255578198334.5781     
  -1147560939249.6914     
  -1048836393494.5612     
  -958605109928.12659     
  -876136414106.11829     
  -800762491429.11292     
  -731872979316.77454     
  -668910024616.74438     
  -611363766224.12195     
  -558768206330.73193     
  -510697436870.34930     
  -466762190602.46960     
  -426606688905.95068     
  -389905760756.65594     
  -356362209559.12341     
  -325704406509.44678     
  -297684091000.87402     
  -272074360260.29456     
  -248667831936.07559     
  -227274964758.27313     
  -207722523672.27371     
  -189852177016.81555     
  -173519214386.64581     
  -158591374797.30801     
  -144947775662.79691     
  -132477933913.14410     
  -121080871325.16109     
  -110664296821.47684     
  -101143859116.30815     
  -92442463656.031219     
  -84489648323.283676     
  -77221012849.179276     
  -70577697313.124969     
  -64505905507.247498     
  -58956469305.723984     
  -53884450511.376160     
  -49248776955.356766     
  -45011909903.144028     
  -41139540073.560638     
  -37600309809.246399     
  -34365559148.774216     
  -31409093744.155128     
  -28706972744.376728     
  -26237314927.296799     
  -23980121509.990990     
  -21917114202.706154     
  -20031587195.016083     
  -18308271875.591454     
  -16733213190.114611     
  -15293656636.108875     
  -13977944979.591557     
  -12775423857.181547     
  -11676355499.248259     
  -10671839875.448446     
  -9753742624.1041985     
  -8914629181.8091564     
  -8147704579.8573027     
  -7446758419.9790030     
  -6806114583.8082438     
  -6220585268.8394337     
  -5685428978.6656160     
  -5196312127.3123398     
  -4749273946.7463322     
  -4340694413.3877096     
  -3967264933.9007902     
  -3625961552.8832145     
  -3314020465.4948497     
  -3028915636.7324562     
  -2768338346.1159458     
  -2530178492.1429558     
  -2312507505.1193523     
  -2113562729.9969831     
  -1931733152.7543545     
  -1765546354.7351604     
  -1613656589.3037713     
  -1474833884.2647278     
  -1347954081.7999339     
  -1231989735.2690375     
  -1126001789.1570461     
  -1029131974.7952261     
  -940595860.27727163     
  -859676498.29049647     
  -785718620.42338800     
  -718123330.93630958     
  -656343257.02650511     
  -599878116.31532621     
  -548270665.66403866     
  -501102998.51257813     
  -457993160.75787586     
  -418592057.76778799     
  -382580627.48431236     
  -349667256.72441369     
  -319585419.75623411     
  -292091520.02832359     
  -266962917.57469183     
  -243996126.12197933     
  -223005165.29932046     
  -203820054.60740498     
  -186285436.95123160     
  -170259320.59018606     
  -155611929.31802076     
  -142224651.56173390     
  -129989079.88935305     
  -118806133.14876917     
  -108585254.12886724     
  -99243676.245790407     
  -90705753.316101596     
  -82902346.989493802     
  -75770266.880594760     
  -69251758.866176948     
  -63294037.404101692     
  -57848858.086815134     
  -52872126.968023390     
  -48323543.498949684     
  -44166274.182749957     
  -40366654.304402098     
  -36893915.320743337     
  -33719935.703111701     
  -30819013.214970469     
  -28167656.780462731     
   0.0000000000000000     
   281676567.80462730     
   318612218.02711183     
   360391161.63388652     
   407648489.40215480     
   461102570.21417904     
   521565971.13836396     
   589957809.43738413     
   667317724.26890969     
   754821680.46577978     
   853799844.63231301     
   965756805.29516816     
   1092394444.4796529     
   1235637808.3872662     
   1397664370.4402552     
   1580937131.5270658     
   1788242060.6126952     
   2022730444.8567765     
   2287966793.0127234     
   2587983020.2978864     
   2927339738.4106717     
   3311195582.3774681     
   3745385628.0817986     
   4236510092.5175576     
   4792034665.1181021     
   5420403995.3195019     
   6131170061.5069561     
   6935137372.7085857     
   7844527210.2790089     
   8873163406.2461338     
   10036682482.378080     
   11352771344.339725     
   12841436144.179312     
   14525306398.181978     
   16429978983.051682     
   18584407239.582005     
   21021341098.665100     
   23777824920.089588     
   26895760611.882961     
   30422544590.297604     
   34411788263.007217     
   38924132987.734978     
   44028171894.676071     
   49801492585.537117     
   56331856559.486519     
   63718533294.725410     
   72073809265.341827     
   81524694832.341400     
   92214854955.673767     
   104306793076.42772     
   117984321366.86122     
   133455354899.07256     
   150955072207.07611     
   170749490286.67209     
   193139508377.45779     
   218465481997.38773     
   247112396760.77274     
   279515720628.04749     
   316168023548.62341     
   357626465123.45135     
   404521264108.87958     
   457565278508.56580     
   517564841882.50031     
   585432020598.22119     
   662198478349.35486     
   749031158699.03149     
   847250024041.92004     
   958348120638.68579     
   1084014274735.8119     
   1226158764779.4187     
   1386942359971.9707     
   1568809166593.2573     
   1774523781389.7107     
   2007213316808.7593     
   2270414936912.9341     
   2568129626577.4487     
   2904883011328.4897     
   3285794152357.7510     
   3716653362481.1465     
   4204010225938.9570     
   4755273160045.4639     
   5378822032146.2920     
   6084135543798.2363     
   6881935318566.1025     
   7784348883746.3877     
   8805094023538.3125     
   9959687306054.7188     
   11265679954037.107     
   12742924644796.699     
   14413877295065.270     
   16303938418252.514     
   18441839243156.023     
   20860078463597.523     
   23595416258111.656     
   26689433089387.527     
   30189161777894.457     
   34147802457980.129     
   38625531284643.750     
   43690415184311.164     
   49419446554936.711     
   55899713644132.344     
   63229724396495.672     
   71520903894227.016     
   80899288153954.922     
   91507440027542.812     
   103506616330900.11     
   117079219143792.73     
   132431568543392.67     
   149797038920490.09     
   169439606554190.97     
   191657862372551.50     
   216789550897994.19     
   245216704374998.03     
   277371450125050.84     
   313742579407726.19     
   354882977642561.06     
   401418028940158.19     
   454055122701598.38     
   513594406798051.44     
   580940950791994.50     
   657118504095802.62     
   743285058208459.12     
   840750449595323.62     
   950996270796143.12     
   1075698392434379.2     
   1216752438489794.2     
   1376302602089436.8     
   1556774239852113.2     
   1760910740260037.0     
   1991815226501765.8     
   2252997727720383.0     
   2548428535727286.5     
   2882598558268562.0     
   3260587586287017.5     
   3688141512925333.5     
   4171759678093125.0     
   4718793666341618.0     
   5337559059893839.0     
   6037461845612365.0     
   6829141397444346.0     
   7724632207850868.0     
   8737546826735367.0     
   9883282788765132.0     
   11179256674633152.     
   12645168864276220.     
   14303303006620330.     
   16178864758157904.     
   18300364939595376.     
   20700052935018364.     
   23414406921769092.     
   26484688383126688.     
   29957569333057788.     
   33885841787616836.     
   38329220267824600.     
   43355249533045128.     
   49040331343512944.     
   55470885860050120.     
   62744665335662272.     
   70972240068723888.     
   80278679206049680.     
   90805451946103552.     
   1.0271257804294749E+017
   1.1618106030120662E+017
   1.3141563603893418E+017
   1.4864788934395923E+017
   1.6813977143380080E+017
   1.9018758263290237E+017
   2.1512647649808579E+017
   2.4333555456041194E+017
   2.7524362912972304E+017
   3.1133574176350842E+017
   3.5216053648875072E+017
   3.9833859985869677E+017
   4.5057189462356339E+017
   5.0965443041845133E+017
   5.7648433367590733E+017
   6.5207750024049331E+017
   7.3758303822170150E+017
   8.3430073583540634E+017
   9.4370081976624934E+017
   1.0674463044021405E+018
   1.2074182716764219E+018
   1.3657444658020534E+018
   1.5448316375725763E+018
   1.7474021299025784E+018
   1.9765352607523991E+018
   2.2357141325078738E+018
   2.5288785793746524E+018
   2.8604850576519030E+018
   3.2355743892904376E+018
   3.6598483885197665E+018
   4.1397565363620485E+018
   4.6825940205910108E+018
   5.2966126314625024E+018
   5.9911461989667226E+018
   6.7767524784009728E+018
   7.6653736410962862E+018
   8.6705178099522570E+018
   9.8074643993410744E+018
   1.1093496380797147E+019
   1.2548163005213430E+019
   1.4193576975241466E+019
   1.6054750585277252E+019
   1.8159975938769674E+019
   2.0541255022617248E+019
   2.3234786176307270E+019
   2.6281514350720238E+019
   2.9727753521202856E+019
   3.3625890716345655E+019
   3.8035182364559311E+019
   4.3022655063886537E+019
   4.8664124467846701E+019
   5.5045347775617729E+019
   6.2263327345808417E+019
   7.0427785250336514E+019
   7.9662831183425831E+019
   9.0108849079968498E+019
   1.0192463112214689E+020
   1.1528979157381272E+020
   1.3040749713584254E+020
   1.4750755532719346E+020
   1.6684990783880872E+020
   1.8872858196360318E+020
   2.1347616016907230E+020
   2.4146883575546662E+020
   2.7313213145168731E+020
   3.0894736787852014E+020
   3.4945898020771155E+020
   3.9528279423902594E+020
   4.4711538770170138E+020
   5.0574467908349336E+020
   5.7206190495038603E+020
   6.4707516782680382E+020
   7.3192476058058791E+020
   8.2790050026203474E+020
   9.3646133489244058E+020
   1.0592575212491954E+021
   1.1981557107767430E+021
   1.3552673249597779E+021
   1.5329806514988775E+021
   1.7339971491894914E+021
   1.9613725133826226E+021
   2.2185631262721686E+021
   2.5094785981098099E+021
   2.8385411980378395E+021
   3.2107530779609074E+021
   3.6317723113413185E+021
   4.1079989028001032E+021
   4.6466720759744399E+021
   5.2559803185252364E+021
   5.9451858571128933E+021
   6.7247654545123191E+021
   7.6065696691546761E+021
   8.6040029980346559E+021
   9.7322276413746729E+021
   1.1008393986516802E+022
   1.2451901314678043E+022
   1.4084692693628834E+022
   1.5931588539022301E+022
   1.8020663914912350E+022
   2.0383675308887509E+022
   2.3056543369321872E+022
   2.6079898942936705E+022
   2.9499700713108049E+022
   3.3367933827774094E+022
   3.7743400136936593E+022
   4.2692612052327808E+022
   4.8290803616997605E+022
   5.4623074154308562E+022
   6.1785681881195348E+022
   6.9887507150184022E+022
   7.9051707563230141E+022
   8.9417590117120151E+022
   1.0114272883932372E+023
   1.1440536010493901E+023
   1.2940709204646259E+023
   1.4637596924270996E+023
   1.6556993927388368E+023
   1.8728077383865253E+023
   2.1183850403898146E+023
   2.3961643725444593E+023
   2.7103683186862204E+023
   3.0657731611029810E+023
   3.4677814858370490E+023
   3.9225043085665750E+023
   4.4368539694794175E+023
   5.0186492092545650E+023
   5.6767340234338784E+023
   6.4211121019152312E+023
   7.2630988972109060E+023
   8.2154936330938236E+023
   9.2927738683722983E+023
   1.0511315573399439E+024
   1.1889642064747923E+024
   1.3448705582160084E+024
   1.5212205788085554E+024
   1.7206950031386973E+024
   1.9463260851660457E+024
   2.2015436918732289E+024
   2.4902274414173075E+024
   2.8167656780462730E+024
