   3.0066593185417059E-006
   3.0066593185417059E-006
   3.0397557965643364E-006
   3.0773713680934378E-006
   3.1173907929538752E-006
   3.1593258779677353E-006
   3.2023277125583183E-006
   3.2461208235021563E-006
   3.2905755033940758E-006
   3.3354996829306893E-006
   3.3807481017567185E-006
   3.4258246323574109E-006
   3.4705702477791513E-006
   3.5148199551129775E-006
   3.5583540619391861E-006
   3.6006952585806708E-006
   3.6417510519582281E-006
   3.6815534348877806E-006
   3.7197101039674468E-006
   3.7562386771924659E-006
   3.7911296328443668E-006
   3.8240689414597587E-006
   3.8553026432234411E-006
   3.8846066907528966E-006
   3.9120005459786481E-006
   3.9374179882283544E-006
   3.9609652804491529E-006
   3.9824174475931150E-006
   4.0018091160573297E-006
   4.0193095714697796E-006
   4.0345894997825420E-006
   4.0473819966281655E-006
   4.0585556397799726E-006
   4.0682985032508935E-006
   4.0772159230734665E-006
   4.0854462115825968E-006
   4.0932363667800572E-006
   4.1008568224680504E-006
   4.1084494237128991E-006
   4.1161112378920344E-006
   4.1238589817981767E-006
   4.1317313134358198E-006
   4.1396962302380718E-006
   4.1476839393021421E-006
   4.1557333992558256E-006
   4.1637367994668064E-006
   4.1718265050509121E-006
   4.1799200190511763E-006
   4.1879954589198733E-006
   4.1960884854414947E-006
   4.2042209319472295E-006
   4.2122834199964830E-006
   4.2202888354068963E-006
   4.2282190327975527E-006
   4.2361151761382053E-006
   4.2440338705158047E-006
   4.2519172415728705E-006
   4.2596794773517567E-006
   4.2674416186768962E-006
   4.2751433501587448E-006
   4.2828596753841858E-006
   4.2904745802416157E-006
   4.2980813165663491E-006
   4.3056320027014726E-006
   4.3130764478850885E-006
   4.3205359707230267E-006
   4.3279840674075810E-006
   4.3353852770707271E-006
   4.3427051952666581E-006
   4.3500580404871883E-006
   4.3574095894720641E-006
   4.3646560526416505E-006
   4.3718538802557752E-006
   4.3790755947432836E-006
   4.3861887529317814E-006
   4.3933548479804944E-006
   4.4004875932677690E-006
   4.4076374546157003E-006
   4.4147355614603734E-006
   4.4217559394549542E-006
   4.4287796938710639E-006
   4.4357772776412120E-006
   4.4427588905574779E-006
   4.4496850243104298E-006
   4.4565946568982021E-006
   4.4634801062803359E-006
   4.4703887363093443E-006
   4.4772564195467071E-006
   4.4841573807519596E-006
   4.4910203675602316E-006
   4.4978973517172150E-006
   4.5047542899695920E-006
   4.5115643816072875E-006
   4.5184464804157609E-006
   4.5253175920312640E-006
   4.5321970448172211E-006
   4.5390086411728773E-006
   4.5458943434148042E-006
   4.5528379084500783E-006
   4.5597374354763147E-006
   4.5667038823184515E-006
   4.5736712532800822E-006
   4.5806126846416703E-006
   4.5876003459293398E-006
   4.5946385805791653E-006
   4.6016744174347398E-006
   4.6087603540118870E-006
   4.6158738512298401E-006
   4.6229907142754818E-006
   4.6301487023643764E-006
   4.6373635620413517E-006
   4.6446697321813850E-006
   4.6520052485579712E-006
   4.6593579324519786E-006
   4.6667433062901341E-006
   4.6741911978694211E-006
   4.6816768031572926E-006
   4.6892790856296025E-006
   4.6968379460497165E-006
   4.7045793466944239E-006
   4.7123917871758448E-006
   4.7202192728445441E-006
   4.7281829596207138E-006
   4.7362392154071231E-006
   4.7443505180927197E-006
   4.7525292341755177E-006
   4.7608109369697588E-006
   4.7692183276776561E-006
   4.7777226234070099E-006
   4.7863723493170360E-006
   4.7950938880338567E-006
   4.8039247669357835E-006
   4.8129542797646084E-006
   4.8221119902680483E-006
   4.8313013240896169E-006
   4.8407098063062942E-006
   4.8502938537218182E-006
   4.8600756888419179E-006
   4.8701182168629243E-006
   4.8802904084586044E-006
   4.8906160979917211E-006
   4.9010895276436021E-006
   4.9119372490800466E-006
   4.9229709781989999E-006
   4.9342432979911886E-006
   4.9457773616101776E-006
   4.9576171217809122E-006
   4.9698335882753735E-006
   4.9823440245036138E-006
   4.9950979061602303E-006
   5.0081574107617266E-006
   5.0215427366249385E-006
   5.0352922569105237E-006
   5.0493582367334331E-006
   5.0637727191214903E-006
   5.0785822762240415E-006
   5.0938526741455538E-006
   5.1094221019611234E-006
   5.1254334950367665E-006
   5.1418496091103204E-006
   5.1587799820279522E-006
   5.1761036953620268E-006
   5.1937793386460273E-006
   5.2118966761961680E-006
   5.2305174665498063E-006
   5.2494419187135997E-006
   5.2688627099958031E-006
   5.2886391587078684E-006
   5.3089098334766344E-006
   5.3295752203538456E-006
   5.3506025172465414E-006
   5.3720144033399247E-006
   5.3937812637374153E-006
   5.4161778961244954E-006
   5.4386152569898370E-006
   5.4613770114704892E-006
   5.4844322017350058E-006
   5.5079793389918813E-006
   5.5320349984519402E-006
   5.5564185703766020E-006
   5.5812893617474914E-006
   5.6064253199988647E-006
   5.6317361132720016E-006
   5.6576172671479867E-006
   5.6838731585223442E-006
   5.7103219632726247E-006
   5.7373534966315827E-006
   5.7647976774283549E-006
   5.7925053643692111E-006
   5.8207527909515453E-006
   5.8497251635605613E-006
   5.8790108036994140E-006
   5.9086589671430687E-006
   5.9387711713468527E-006
   5.9697864309337421E-006
   6.0016600957466073E-006
   6.0344834433999873E-006
   6.0676380872471912E-006
   6.1018238579260063E-006
   6.1373646470349893E-006
   6.1738785883796572E-006
   6.2115608010791641E-006
   6.2503529158965563E-006
   6.2910458248313330E-006
   6.3327394300223215E-006
   6.3766141668729335E-006
   6.4226102148796549E-006
   6.4700629018502797E-006
   6.5194322459002857E-006
   6.5706457658207446E-006
   6.6245427354673991E-006
   6.6811276200722995E-006
   6.7398673847817732E-006
   6.8013877112676673E-006
   6.8661592909295949E-006
   6.9334450876461770E-006
   7.0028896006867352E-006
   7.0753693085777384E-006
   7.1507500201501795E-006
   7.2273198787819932E-006
   7.3075153943759019E-006
   7.3887035247334286E-006
   7.4731890095437766E-006
   7.5595861821429390E-006
   7.6480058741530828E-006
   7.7385249534892910E-006
   7.8298724780903739E-006
   7.9226720563723970E-006
   8.0165164278928377E-006
   8.1116023700859665E-006
   8.2066324995629268E-006
   8.3021292584035372E-006
   8.3973034463728004E-006
   8.4929407676902029E-006
   8.5898291571308980E-006
   8.6847847365768184E-006
   8.7793900453366765E-006
   8.8737399234714801E-006
   8.9663967391348853E-006
   9.0574967184128831E-006
   9.1475858341861621E-006
   9.2355600246693983E-006
   9.3206564179774084E-006
   9.4057697670971665E-006
   9.4884332401071987E-006
   9.5686304806823280E-006
   9.6391770363511198E-006
   9.6657870777324754E-006
   9.6719519784695171E-006
   9.6739051731640557E-006
   9.7970374601097733E-006
   9.9152090354882639E-006
   1.0027988171030863E-005
   1.0134204920582945E-005
   1.0237100754392919E-005
   1.0329064000807423E-005
   1.0417019060946681E-005
   1.0498263603054613E-005
   1.0570461927605152E-005
   1.0634912415532122E-005
   1.0695849396312744E-005
   1.0750845262675522E-005
   1.0802071493975021E-005
   1.0849150778080102E-005
   1.0891015354773483E-005
   1.0930513435768252E-005
   1.0967221117181839E-005
   1.1000548509057181E-005
   1.1033496861678617E-005
   1.1060588439826924E-005
   1.1086660978622669E-005
   1.1110107394472545E-005
   1.1132570353039172E-005
   1.1153222609458139E-005
   1.1170978162724314E-005
   1.1189110086817042E-005
   1.1204054307943582E-005
   1.1217675230169570E-005
   1.1230490899294314E-005
   1.1243021673400566E-005
   1.1253881322668831E-005
   1.1263745229197734E-005
   1.1272278275068695E-005
   1.1280594743258105E-005
   1.1288627843036500E-005
   1.1296114064419722E-005
   1.1303194858157001E-005
   1.1308767649091599E-005
   1.1314083177150774E-005
   1.1318743862998569E-005
   1.1323301791106045E-005
   1.1327417764190868E-005
   1.1331253697157514E-005
   1.1333964592322878E-005
   1.1336669595022232E-005
   1.1339443688304017E-005
   1.1342169865881692E-005
   1.1344964727173302E-005
   1.1347016901111016E-005
   1.1349658822906029E-005
   1.4277944305729523E-005
   1.4277944305729523E-005
   1.4277944305729523E-005
   1.4277944305729523E-005
   1.4277944305729523E-005
   1.4277944305729523E-005
   1.4277944305729523E-005
   1.4277944305729523E-005
   1.4277944305729523E-005
   1.4277944306406814E-005
   1.4277944306406814E-005
   1.4277944306406814E-005
   1.4277944306406814E-005
   1.4277944306406814E-005
   1.4277944306406814E-005
   1.4277944306406814E-005
   1.4277944306406814E-005
   1.4277944306406814E-005
   1.4277944306406814E-005
   1.4277944306606558E-005
   1.4277944306624719E-005
   1.4277944306624719E-005
   1.4277944309083469E-005
   1.4277944309083469E-005
   1.4277944309083469E-005
   1.4277944309083483E-005
   1.4277944309083483E-005
   1.4277944309098858E-005
   1.4277944309476530E-005
   1.4277944309629714E-005
   1.4277944309630407E-005
   1.4277944309637161E-005
   1.4277944309705090E-005
   1.4277944313745271E-005
   1.4277944315260565E-005
   1.4277944315292276E-005
   1.4277944315318235E-005
   1.4277944316655545E-005
   1.4277944317749424E-005
   1.4277944317930840E-005
   1.4277944319031517E-005
   1.4277944320251766E-005
   1.4277944320706519E-005
   1.4277944324467823E-005
   1.4277944330572774E-005
   1.4277944332315331E-005
   1.4277944332651880E-005
   1.4277944334599151E-005
   1.4277944340949972E-005
   1.4277944343181075E-005
   1.4277944347022417E-005
   1.4277944352302454E-005
   1.4277944373247289E-005
   1.4277944379399003E-005
   1.4277944384050325E-005
   1.4277944392356315E-005
   1.4277944403836110E-005
   1.4277944416104420E-005
   1.4277944447542873E-005
   1.4277944461279786E-005
   1.4277944497585710E-005
   1.4277944518358287E-005
   1.4277944549620482E-005
   1.4277944584691300E-005
   1.4277944620581767E-005
   1.4277944661151633E-005
   1.4277944713237530E-005
   1.4277944769900614E-005
   1.4277944813935875E-005
   1.4277944878960128E-005
   1.4277944945451011E-005
   1.4277945027004499E-005
   1.4277945142254609E-005
   1.4277945248845799E-005
   1.4277945369239382E-005
   1.4277945519911373E-005
   1.4277945666029502E-005
   1.4277945854478136E-005
   1.4277946054077548E-005
   1.4277946284143016E-005
   1.4277946544779928E-005
   1.4277946843356496E-005
   1.4277947178083669E-005
   1.4277947550824456E-005
   1.4277947979409668E-005
   1.4277948450186159E-005
   1.4277949004095423E-005
   1.4277949627124302E-005
   1.4277950325201977E-005
   1.4277951097269112E-005
   1.4277951981755225E-005
   1.4277952994325563E-005
   1.4277954137942103E-005
   1.4277955414158154E-005
   1.4277956876249701E-005
   1.4277958537995195E-005
   1.4277960391044700E-005
   1.4277962516085698E-005
   1.4277964866938876E-005
   1.4277967556928621E-005
   1.4277970596659111E-005
   1.4277974022089347E-005
   1.4277977937334115E-005
   1.4277982323342614E-005
   1.4277987269260262E-005
   1.4277992863593821E-005
   1.4277999193000497E-005
   1.4278006352989333E-005
   1.4278014398457247E-005
   1.4278023531997720E-005
   1.4278033789072131E-005
   1.4278045376873023E-005
   1.4278058457971421E-005
   1.4278073176106263E-005
   1.4278089769235966E-005
   1.4278108450723567E-005
   1.4278129461761643E-005
   1.4278153136858916E-005
   1.4278179708943188E-005
   1.4278209534872015E-005
   1.4278242979469872E-005
   1.4278280433000919E-005
   1.4278322320096091E-005
   1.4278369091468405E-005
   1.4278421256786479E-005
   1.4278479189340785E-005
   1.4278543494057183E-005
   1.4278614600679323E-005
   1.4278692906056393E-005
   1.4278778823266717E-005
   1.4278872608769244E-005
   1.4278974279458371E-005
   1.4279083705927679E-005
   1.4279200313357288E-005
   1.4279323047696744E-005
   1.4279450169300923E-005
   1.4279579042985110E-005
   1.4279705611400140E-005
   1.4279824335400191E-005
   1.4279927376921660E-005
   1.4280003948033414E-005
   1.4280039596650979E-005
   1.4280014814960433E-005
   1.4279903712126491E-005
   1.4279672192177649E-005
   1.4279275484469954E-005
   1.4278655288235994E-005
   1.4277735971647721E-005
   1.4276419990691158E-005
   1.4274582216939696E-005
   1.4272063003841466E-005
   1.4268659932675277E-005
   1.4264118065996015E-005
   1.4258118766158656E-005
   1.4250267518855537E-005
   1.4240080901355931E-005
   1.4226974119109829E-005
   1.4210250393515370E-005
   1.4189094928076812E-005
   1.4162575970086015E-005
   1.4129657882160483E-005
   1.4089229491570944E-005
   1.4040152821529355E-005
   1.3981334578050463E-005
   1.3911821866847437E-005
   1.3830918470919420E-005
   1.3738315447506918E-005
   1.3634224398921979E-005
   1.3519498073727367E-005
   1.3395721177927443E-005
   1.3265251202267394E-005
   1.3131187658469627E-005
   1.2997244472007826E-005
   1.2867498810189394E-005
   1.2745994299703584E-005
   1.2636198247306401E-005
   1.2540360755890732E-005
   1.2458899693061086E-005
   1.2390014339928887E-005
   1.2329750057004504E-005
   1.2272614258761718E-005
   1.2212560166366735E-005
   1.2143866680602692E-005
   1.2061437411210334E-005
   1.1960430981964142E-005
   1.1835579632108667E-005
   1.1680618249301821E-005
   1.1487989251265992E-005
   1.1248816248208955E-005
   1.0953180226295391E-005
   1.0590825224889264E-005
   1.0152442327416833E-005
   9.6315925065568775E-006
   9.0270963681238251E-006
   8.3453504564367391E-006
   8.0000001150070026E-006
   8.0000001150070026E-006
   8.0000001150070026E-006
   8.0000001150070026E-006
   8.0000001150070026E-006
   8.0000001150070026E-006
   8.0000001150070026E-006
   8.0000001150070026E-006
   8.0000001150070026E-006
   8.0000001150070026E-006
   8.0000001150070026E-006
   8.0000001150070026E-006
   8.0000001150070026E-006
   8.0000001150070026E-006
   8.0000001150070026E-006
   8.0000001150070026E-006
   8.0000001150070026E-006
   8.0000001150070026E-006
   8.0000001150070026E-006
   8.0000001150070026E-006
   8.0000001150070026E-006
   8.0000001150070026E-006
   8.0000001150070026E-006
   8.0000001150070026E-006
   8.0000001150070026E-006
   8.0000001150070026E-006
   8.0000001150070026E-006
   8.0000001150070026E-006
   8.0000001150070026E-006
   8.0000001150070026E-006
   8.0000001150070026E-006
   8.0000001150070026E-006
   8.0000001150070026E-006
   8.0000001150070026E-006
   8.0000001150070026E-006
   8.0000001150070026E-006
   8.0000001150070026E-006
   8.0000001150070026E-006
   8.0000001150070026E-006
   8.0000001150070026E-006
   8.0000001150070026E-006
   8.0000001150070026E-006
   8.0000001150070026E-006
   8.0000001150070026E-006
   8.0000001150070026E-006
   8.0000001150070026E-006
   8.0000001150070026E-006
   8.0000001150070026E-006
   8.0000001150070026E-006
   8.0000001150070026E-006
   8.0000001150070026E-006
   8.0000001150070026E-006
   8.0000001150070026E-006
   8.0000001150070026E-006
   8.0000001150070026E-006
   8.0000001150070026E-006
   8.0000001150070026E-006
   8.0000001150070026E-006
   8.0000001150070026E-006
   8.0000001150070026E-006
   8.0000001150070026E-006
   8.0000001150070026E-006
   8.0000001150070026E-006
   8.0000001150070026E-006
   8.0000001150070026E-006
   8.0000001150070026E-006
   8.0000001150070026E-006
   8.0000001150070026E-006
   8.0000001150070026E-006
   8.0000001150070026E-006
   8.0000001150070026E-006
   8.0000001150070026E-006
   8.0000001150070026E-006
   8.0000001150070026E-006
   8.0000001150070026E-006
   8.0000001150070026E-006
   8.0000001150070026E-006
   8.0000001150070026E-006
   8.0000001150070026E-006
   8.0000001150070026E-006
   8.0000001150070026E-006
   8.0000001150070026E-006
   8.0000001150070026E-006
   8.0000001150070026E-006
   8.0000001150070026E-006
   8.0000001150070026E-006
   8.0000001150070026E-006
   8.0000001150070026E-006
   8.0000001150070026E-006
   8.0000001150070026E-006
   8.0000001150070026E-006
   8.0000001150070026E-006
   8.0000001150070026E-006
   8.0000001150070026E-006
   8.0000001150070026E-006
   8.0000001150070026E-006
   8.0000001150070026E-006
   8.0000001150070026E-006
   8.0000001150070026E-006
   8.0000001150070026E-006
   8.0000001150070026E-006
   8.0000001150070026E-006
   8.0000001150070026E-006
   8.0000001150070026E-006
   8.0000001150070026E-006
   8.0000001150070026E-006
