   1.0198039163621364E-006
   1.0198039163621364E-006
   1.0176066275470289E-006
   1.0159266949089345E-006
   1.0146744362128338E-006
   1.0138216316516832E-006
   1.0133465111997259E-006
   1.0132100706674512E-006
   1.0133907701409123E-006
   1.0138499229380765E-006
   1.0145728792615265E-006
   1.0155476814015213E-006
   1.0167486291925690E-006
   1.0181377490249198E-006
   1.0197293932861298E-006
   1.0214721270296727E-006
   1.0233749694462474E-006
   1.0254098119055416E-006
   1.0275741290192518E-006
   1.0298424521541953E-006
   1.0322092387951065E-006
   1.0346736553823802E-006
   1.0372105717797054E-006
   1.0398340218116986E-006
   1.0425125050821286E-006
   1.0452394327178878E-006
   1.0480303705162295E-006
   1.0508612873820716E-006
   1.0537335088639177E-006
   1.0566468830514286E-006
   1.0595736601300203E-006
   1.0625329911768009E-006
   1.0655179149857316E-006
   1.0685276217733347E-006
   1.0715438229608134E-006
   1.0745792522749937E-006
   1.0776377929277905E-006
   1.0806943435822867E-006
   1.0837670943190049E-006
   1.0868503863348490E-006
   1.0899484495074556E-006
   1.0930546714965578E-006
   1.0961525554473981E-006
   1.0992626534503312E-006
   1.1023737311918313E-006
   1.1054889075127181E-006
   1.1086264155462417E-006
   1.1117536224365008E-006
   1.1149120578922030E-006
   1.1180656615038260E-006
   1.1212312755681050E-006
   1.1243933883057108E-006
   1.1275695428519848E-006
   1.1307532742514694E-006
   1.1339426288368483E-006
   1.1371392003104691E-006
   1.1403628514234785E-006
   1.1436045083205314E-006
   1.1468644220448058E-006
   1.1501428458203871E-006
   1.1534399676510279E-006
   1.1567655383319245E-006
   1.1601140517575274E-006
   1.1634821865289966E-006
   1.1668802646182724E-006
   1.1703172843920774E-006
   1.1737955033957274E-006
   1.1773148296340362E-006
   1.1808430482634769E-006
   1.1844311288782409E-006
   1.1880536627282448E-006
   1.1917281768707858E-006
   1.1954658123684347E-006
   1.1992542680154711E-006
   1.2030880776279519E-006
   1.2070063596899489E-006
   1.2109832945426681E-006
   1.2150174234204932E-006
   1.2191273203360422E-006
   1.2233178714823212E-006
   1.2275722686214049E-006
   1.2319274922049875E-006
   1.2363396590189770E-006
   1.2408306888173885E-006
   1.2454251994074697E-006
   1.2500648721038159E-006
   1.2547908395032330E-006
   1.2596058183413345E-006
   1.2644913622824405E-006
   1.2694629376891818E-006
   1.2744938318666017E-006
   1.2795974902274790E-006
   1.2847703166985797E-006
   1.2899782100374116E-006
   1.2952145135566496E-006
   1.3004853622187244E-006
   1.3057574977096202E-006
   1.3110843786760584E-006
   1.3164119697120848E-006
   1.3217339997935146E-006
   1.3270750699046357E-006
   1.3324004979328606E-006
   1.3377163547231958E-006
   1.3430302476402129E-006
   1.3483448729156996E-006
   1.3536019175847046E-006
   1.3588185505941129E-006
   1.3640351564781872E-006
   1.3692064005573548E-006
   1.3743297273064812E-006
   1.3793867460485304E-006
   1.3844008554676474E-006
   1.3894049138130404E-006
   1.3943554247066154E-006
   1.3992065496795576E-006
   1.4039903367390127E-006
   1.4087435796442856E-006
   1.4134305690116434E-006
   1.4180587571968092E-006
   1.4226264854877967E-006
   1.4271266393840242E-006
   1.4315809563349290E-006
   1.4359618038825331E-006
   1.4402852391988555E-006
   1.4445369642708703E-006
   1.4487794954772790E-006
   1.4529209451824822E-006
   1.4570099822401044E-006
   1.4610270785005383E-006
   1.4649645046704517E-006
   1.4688677566505666E-006
   1.4727061586042710E-006
   1.4764984473021281E-006
   1.4802227593823823E-006
   1.4839118813587086E-006
   1.4875678194211994E-006
   1.4911497335677307E-006
   1.4946738530865490E-006
   1.4981654355480676E-006
   1.5016021089113157E-006
   1.5049912649227241E-006
   1.5083223646537831E-006
   1.5116193788885080E-006
   1.5148882645133698E-006
   1.5181170972175259E-006
   1.5213019881381786E-006
   1.5244329321280682E-006
   1.5275462180223923E-006
   1.5306311882196116E-006
   1.5336803511918642E-006
   1.5366838111628485E-006
   1.5396614398502291E-006
   1.5426145219022446E-006
   1.5455257318538138E-006
   1.5484223977308070E-006
   1.5512781974278440E-006
   1.5541106210091020E-006
   1.5569250149572749E-006
   1.5597270931915218E-006
   1.5625026348630250E-006
   1.5652618340363647E-006
   1.5679972308100231E-006
   1.5707274379104124E-006
   1.5734332119833791E-006
   1.5761284939780719E-006
   1.5788099672735633E-006
   1.5814764600971011E-006
   1.5841452319752139E-006
   1.5867980843082988E-006
   1.5894452172755233E-006
   1.5920671187836121E-006
   1.5946920665635822E-006
   1.5973044706590173E-006
   1.5999004874061742E-006
   1.6024958824224086E-006
   1.6050972835488368E-006
   1.6077046720096107E-006
   1.6103080688660441E-006
   1.6129012135337867E-006
   1.6155108934518631E-006
   1.6181312140370869E-006
   1.6207338271970853E-006
   1.6233419086345295E-006
   1.6259529514854211E-006
   1.6285831371835837E-006
   1.6312219155685721E-006
   1.6338696119044166E-006
   1.6365292362639118E-006
   1.6392051197346359E-006
   1.6418787648088933E-006
   1.6445735643311379E-006
   1.6472817500383606E-006
   1.6500010458163356E-006
   1.6527281371831509E-006
   1.6554791037930841E-006
   1.6582381212838756E-006
   1.6610171118444431E-006
   1.6638136871491039E-006
   1.6666388209007436E-006
   1.6694645098826441E-006
   1.6723285738312274E-006
   1.6752213444736405E-006
   1.6781431214976265E-006
   1.6810675319101906E-006
   1.6840400968754664E-006
   1.6870177718662488E-006
   1.6900318066515095E-006
   1.6930546691510591E-006
   1.6961036915704624E-006
   1.6991619790834563E-006
   1.7022672866202345E-006
   1.7054036689199470E-006
   1.7085942038546413E-006
   1.7118236018197848E-006
   1.7150738779011049E-006
   1.7183413832573081E-006
   1.7216633114085528E-006
   1.7250565861829033E-006
   1.7285189803947539E-006
   1.7320460832341971E-006
   1.7356137315228003E-006
   1.7392067907692366E-006
   1.7428394047492903E-006
   1.7464715318897718E-006
   1.7500904596015939E-006
   1.7536367661384357E-006
   1.7571563565765420E-006
   1.7605244677316828E-006
   1.7638171877881937E-006
   1.7670085748806231E-006
   1.7724935693449565E-006
   1.7829298059238869E-006
   1.7926234366509964E-006
   1.8017346566755431E-006
   1.8102356544653603E-006
   1.8181120234599568E-006
   1.8253548832103673E-006
   1.8320331118035928E-006
   1.8382189337775307E-006
   1.8438967927037644E-006
   1.8491420476130070E-006
   1.8540066480536705E-006
   1.8583656351671074E-006
   1.8623798067083789E-006
   1.8659809646399120E-006
   1.8693059252786779E-006
   1.8723835537120536E-006
   1.8751471547313420E-006
   1.8776801303540983E-006
   1.8799565521173544E-006
   1.8820440482223820E-006
   1.8838984533495009E-006
   1.8855836128798445E-006
   1.8871692580673711E-006
   1.8885485701152338E-006
   1.8898067563717613E-006
   1.8909640245883225E-006
   1.8919927687227718E-006
   1.8929482268552616E-006
   1.8937820621205740E-006
   1.8945509362699595E-006
   1.8952189737120612E-006
   1.8958648461835216E-006
   1.8964268253763153E-006
   1.8969207476173157E-006
   1.8973890506203550E-006
   1.8977959557243162E-006
   1.8981333140100784E-006
   1.8984692341032854E-006
   1.8987696503592220E-006
   1.8990417657316335E-006
   1.8992890549963905E-006
   1.8995256663539911E-006
   1.8997264628990741E-006
   1.8999158000738638E-006
   1.9000881458854769E-006
   1.9002380074528322E-006
   1.9003667707329577E-006
   1.9004873281670603E-006
   1.9005997683401971E-006
   1.9006912055623412E-006
   1.9007774632288007E-006
   1.9008567702129936E-006
   1.9009221860246284E-006
   1.9009863813197989E-006
   1.9010473562383334E-006
   1.9011000100718976E-006
   1.9011400387645392E-006
   1.9011823877172606E-006
   1.9012224107290341E-006
   1.9012565124147479E-006
   1.9012889660011978E-006
   1.9013159315154621E-006
   1.9013441091635410E-006
   1.9013711059097926E-006
   1.9013920280531960E-006
   1.9014136413478944E-006
   1.9014301106418924E-006
   1.9014458151994356E-006
   1.9014567319141880E-006
   3.5702825177572762E-006
   3.5702825177572762E-006
   3.5702825177572762E-006
   3.5702825177572762E-006
   3.5702825177572762E-006
   3.5702825177572762E-006
   3.5702825177572762E-006
   3.5702825177572762E-006
   3.5702825177572762E-006
   3.5702825177572762E-006
   3.5702825177572762E-006
   3.5702825177572762E-006
   3.5702825177572762E-006
   3.5702825177572762E-006
   3.5702825177572762E-006
   3.5702825177572762E-006
   3.5702825177572762E-006
   3.5702825177572762E-006
   3.5702825177572762E-006
   3.5702825177572762E-006
   3.5702825177572762E-006
   3.5702825177572762E-006
   3.5702825177572762E-006
   3.5702825177572762E-006
   3.5702825177572762E-006
   3.5702825177572762E-006
   3.5702825177572762E-006
   3.5702825177572762E-006
   3.5702825177572762E-006
   3.5702825177572762E-006
   3.5702825177572762E-006
   3.5702825177572762E-006
   3.5702825177572762E-006
   3.5702825177572762E-006
   3.5702825177572762E-006
   3.5702825177572762E-006
   3.5702825177572762E-006
   3.5702825177572762E-006
   3.5702825177572762E-006
   3.5702825177572762E-006
   3.5702825177572762E-006
