   1.0198039159122592E-006
   1.0198039159122592E-006
   1.0204585576704832E-006
   1.0213219992340390E-006
   1.0223391678414834E-006
   1.0235198540612418E-006
   1.0248534948605012E-006
   1.0263140774042437E-006
   1.0279124939501603E-006
   1.0296263803223611E-006
   1.0314645397398822E-006
   1.0333999970253750E-006
   1.0354421146301546E-006
   1.0375753675478107E-006
   1.0397981533302909E-006
   1.0420942230771868E-006
   1.0444579549765911E-006
   1.0469027542781670E-006
   1.0493914246137966E-006
   1.0519442975713332E-006
   1.0545644401961586E-006
   1.0572175844907551E-006
   1.0599263186152663E-006
   1.0626578776615416E-006
   1.0654120583148147E-006
   1.0682223419024724E-006
   1.0710539494291839E-006
   1.0739065101005304E-006
   1.0767777849519902E-006
   1.0796910468228844E-006
   1.0826022110569349E-006
   1.0855317651863900E-006
   1.0884699993820866E-006
   1.0914424753539586E-006
   1.0944222169956872E-006
   1.0974264396533588E-006
   1.1004312014974816E-006
   1.1034631598163885E-006
   1.1064982584968703E-006
   1.1095605319345495E-006
   1.1126103975651347E-006
   1.1156720883974951E-006
   1.1187651402723793E-006
   1.1218660092880196E-006
   1.1249720407899976E-006
   1.1280973766997651E-006
   1.1312429337054991E-006
   1.1344145520528417E-006
   1.1375916406200335E-006
   1.1407775129075582E-006
   1.1439892910941432E-006
   1.1472262142380921E-006
   1.1504845527859059E-006
   1.1537802284899909E-006
   1.1570985400211185E-006
   1.1604512997223378E-006
   1.1638259869723047E-006
   1.1672355494200948E-006
   1.1706689207360163E-006
   1.1741414780101604E-006
   1.1776726709498487E-006
   1.1812367277592057E-006
   1.1848587104561575E-006
   1.1885234200614910E-006
   1.1922697187622939E-006
   1.1960645104247509E-006
   1.1998965541077686E-006
   1.2038037048193497E-006
   1.2077703370551835E-006
   1.2117683911208127E-006
   1.2158411528175702E-006
   1.2199947423622590E-006
   1.2242164418554185E-006
   1.2285019543580464E-006
   1.2328353927222469E-006
   1.2372580513488200E-006
   1.2417189273092480E-006
   1.2462352009883111E-006
   1.2508408796764743E-006
   1.2555007043895148E-006
   1.2601954168295509E-006
   1.2649533096382157E-006
   1.2697396290034144E-006
   1.2746014692449769E-006
   1.2794887533427266E-006
   1.2843649377228148E-006
   1.2892946323575024E-006
   1.2942342018453604E-006
   1.2992095623808385E-006
   1.3041884948241261E-006
   1.3091859338427745E-006
   1.3141719552106925E-006
   1.3191700428800827E-006
   1.3241678872163386E-006
   1.3291226839551727E-006
   1.3340738232550877E-006
   1.3390036355313213E-006
   1.3439017430228358E-006
   1.3487853040335943E-006
   1.3536420022338657E-006
   1.3584822094504885E-006
   1.3632850301607788E-006
   1.3680482983040824E-006
   1.3727774437908080E-006
   1.3774391574658455E-006
   1.3820872344422223E-006
   1.3866916343605884E-006
   1.3912531233097915E-006
   1.3957685715718047E-006
   1.4002152173757667E-006
   1.4046176397929490E-006
   1.4089848794995236E-006
   1.4133253855898451E-006
   1.4175877255208635E-006
   1.4218024182091316E-006
   1.4259869705390456E-006
   1.4301080388404483E-006
   1.4342047048918858E-006
   1.4382559533741639E-006
   1.4422815419367035E-006
   1.4462252367780824E-006
   1.4501445762112024E-006
   1.4540088645360460E-006
   1.4578348442482304E-006
   1.4616448518132783E-006
   1.4653729541376815E-006
   1.4691015331499784E-006
   1.4727816047597111E-006
   1.4764153063880006E-006
   1.4800318759043171E-006
   1.4836116984460066E-006
   1.4871896311234251E-006
   1.4907065073048456E-006
   1.4941813116801339E-006
   1.4976605873137030E-006
   1.5010968579669743E-006
   1.5045210127633077E-006
   1.5079315951439833E-006
   1.5113036602213077E-006
   1.5146691058077280E-006
   1.5180205365496609E-006
   1.5213611994200169E-006
   1.5246769861557570E-006
   1.5279762895023503E-006
   1.5312573983821966E-006
   1.5345231568357590E-006
   1.5378063016728961E-006
   1.5410712246653450E-006
   1.5443251250340619E-006
   1.5475886971689481E-006
   1.5508535356517109E-006
   1.5541065546852669E-006
   1.5573823658492935E-006
   1.5606581856191366E-006
   1.5639395103786287E-006
   1.5672287376947341E-006
   1.5705248009277507E-006
   1.5738494897197509E-006
   1.5771549017323757E-006
   1.5804947670501921E-006
   1.5838525462047942E-006
   1.5872281266340677E-006
   1.5906248950080820E-006
   1.5940349403319503E-006
   1.5974547095223327E-006
   1.6009134282428448E-006
   1.6044054287855843E-006
   1.6079460791526837E-006
   1.6115262490056867E-006
   1.6151378320707228E-006
   1.6188143304546148E-006
   1.6225589518617201E-006
   1.6263332078093305E-006
   1.6301541316604409E-006
   1.6340292693388741E-006
   1.6379826754303120E-006
   1.6419814599766837E-006
   1.6460481510139748E-006
   1.6502054560479029E-006
   1.6544586360132754E-006
   1.6587902006489301E-006
   1.6631915980529055E-006
   1.6677122194683555E-006
   1.6723778837761155E-006
   1.6771561544726440E-006
   1.6820339877288755E-006
   1.6870712192955887E-006
   1.6922658151741939E-006
   1.6976078197786157E-006
   1.7031147645054945E-006
   1.7087953457356687E-006
   1.7146888795749590E-006
   1.7208275103883423E-006
   1.7271317010708753E-006
   1.7337186717134246E-006
   1.7405517457873452E-006
   1.7476840231828903E-006
   1.7551779093463460E-006
   1.7629523219264845E-006
   1.7710886464495979E-006
   1.7796128885748963E-006
   1.7884921622291830E-006
   1.7978006748803068E-006
   1.8074947240668429E-006
   1.8176778139482145E-006
   1.8282403069683884E-006
   1.8392393510602082E-006
   1.8507447118309950E-006
   1.8627384121428781E-006
   1.8750285526030954E-006
   1.8877813378610961E-006
   1.9009211414527861E-006
   1.9143848330024117E-006
   1.9282443556735704E-006
   1.9423330748973153E-006
   1.9567811401565188E-006
   1.9713778404248099E-006
   1.9859813118569384E-006
   2.0006194864005565E-006
   2.0151985013809312E-006
   2.0294188073215665E-006
   2.0436096916879656E-006
   2.0574437851615265E-006
   2.0709932046945688E-006
   2.0840145742728132E-006
   2.0964980939393353E-006
   2.1155052066672709E-006
   2.1473552411027689E-006
   2.1777875018309245E-006
   2.2064371570051438E-006
   2.2335294296934602E-006
   2.2589336763774869E-006
   2.2829827508055363E-006
   2.3054302794815774E-006
   2.3263843734665765E-006
   2.3457585212805482E-006
   2.3640148027332382E-006
   2.3807955247202308E-006
   2.3962494784173883E-006
   2.4104790836219200E-006
   2.4237363918712079E-006
   2.4359923404802717E-006
   2.4472140310919245E-006
   2.4574876379862158E-006
   2.4671452548318733E-006
   2.4759573992839431E-006
   2.4839493831111825E-006
   2.4910798329203685E-006
   2.4976622564518740E-006
   2.5036827363920775E-006
   2.5092040369936330E-006
   2.5141938781315777E-006
   2.5189569117263583E-006
   2.5231486127558941E-006
   2.5270454847031004E-006
   2.5305838337822312E-006
   2.5336864179304074E-006
   2.5366065762100770E-006
   2.5393380282082124E-006
   2.5417531442490063E-006
   2.5438661465231239E-006
   2.5458551688252837E-006
   2.5476012612963427E-006
   2.5491730531366121E-006
   2.5506774079181713E-006
   2.5520127936614993E-006
   2.5532083984381838E-006
   2.5543794405723753E-006
   2.5553889904343422E-006
   2.5563305790546858E-006
   2.5571267493163528E-006
   2.5578734125903686E-006
   2.5585539484749468E-006
   2.5591770864257722E-006
   2.5597429214940701E-006
   2.5602313032704456E-006
   2.5606772377226290E-006
   2.5610726221601307E-006
   2.5614285157220705E-006
   2.5617051421583941E-006
   2.5619988779001964E-006
   2.5622741378048402E-006
   2.5625007853903643E-006
   2.5627133438411984E-006
   2.5628968190422064E-006
   2.5631138743099207E-006
   2.5632802067343298E-006
   2.5634134041535262E-006
   2.5635491639426958E-006
   2.5636852416998655E-006
   2.5638035081682563E-006
   2.5639045447910450E-006
   2.5639877441343707E-006
   2.5640454277678041E-006
   2.5641296981909040E-006
   2.5641805569089038E-006
   2.5642318538748442E-006
   2.5642861333260206E-006
   2.5643412966116895E-006
   2.5644067428021949E-006
   3.4855525368661766E-006
   3.4855525368661766E-006
   3.4855525368661766E-006
   3.4855525368661766E-006
   3.4855525368661766E-006
   3.4855525368661766E-006
   3.4855525368661766E-006
   3.4855525368661766E-006
   3.4855525368661766E-006
   3.4855525368661766E-006
   3.4855525368661766E-006
   3.4855525368661766E-006
   3.4855525368661766E-006
   3.4855525368661766E-006
   3.4855525368661766E-006
   3.4855525368661766E-006
   3.4855525368661766E-006
   3.4855525368661766E-006
   3.4855525368661766E-006
   3.4855525368661766E-006
   3.4855525368661766E-006
   3.4855525368661766E-006
   3.4855525368661766E-006
   3.4855525368661766E-006
   3.4855525368661766E-006
   3.4855525368661766E-006
   3.4855525368661766E-006
   3.4855525368661766E-006
   3.4855525368661766E-006
   3.4855525368661766E-006
   3.4855525368661766E-006
   3.4855525368661766E-006
   3.4855525368661766E-006
   3.4855525368661766E-006
   3.4855525368661766E-006
   3.4855525368661766E-006
   3.4855525368661766E-006
   3.4855525368661766E-006
   3.4855525368661766E-006
   3.4855525368661766E-006
   3.4855525368661766E-006
