   4.0632770917336937E-006   0.0000000000000000     
   5.4143208974803480E-006   0.0000000000000000     
   7.2145881560798296E-006   0.0000000000000000     
   9.6134461269316134E-006   0.0000000000000000     
   1.2809926836576842E-005   0.0000000000000000     
   1.7069240664775704E-005   0.0000000000000000     
   2.2744780714914020E-005   0.0000000000000000     
   3.0307443660167208E-005   0.0000000000000000     
   4.0384699801124538E-005   0.0000000000000000     
   5.3812653957696100E-005   0.0000000000000000     
   7.1705416661042262E-005   0.0000000000000000     
   9.5547541338059840E-005   0.0000000000000000     
   1.2731719695463739E-004   0.0000000000000000     
   1.6965029568928388E-004   0.0000000000000000     
   2.2605919322678841E-004   0.0000000000000000     
   3.0122410712411389E-004   0.0000000000000000     
   4.0138143208222023E-004   0.0000000000000000     
   5.3484117044454453E-004   0.0000000000000000     
   7.1267640886759774E-004   0.0000000000000000     
   9.4964204669258610E-004   0.0000000000000000     
   1.2653990024440751E-003   0.0000000000000000     
   1.6861454702466480E-003   0.0000000000000000     
   2.2467905706753098E-003   0.0000000000000000     
   2.9938507427458524E-003   0.0000000000000000     
   3.9893091892164532E-003   0.0000000000000000     
   5.3157585914154655E-003   0.0000000000000000     
   7.0832537820307165E-003   0.0000000000000000     
   9.4384429386385402E-003   0.0000000000000000     
   1.2576734908458401E-002   0.0000000000000000     
   1.6758512181083561E-002   0.0000000000000000     
   2.2330734691294457E-002   0.0000000000000000     
   2.9755726908493374E-002   0.0000000000000000     
   3.9649536662938696E-002   0.0000000000000000     
   5.2833048321094415E-002   0.0000000000000000     
   7.0400091144273494E-002   0.0000000000000000     
   9.3808193746473326E-002   0.0000000000000000     
  0.12499951450264125        0.0000000000000000     
  0.16656198144187623        0.0000000000000000     
  0.22194401132060174        0.0000000000000000     
  0.29574062300807191        0.0000000000000000     
  0.39407468386638045        0.0000000000000000     
  0.52510492094334005       0.10396786915338339     
  0.69970284640869085       0.27854561478014911     
  0.93235476139301121       0.25001393819358719     
   1.2423636770293720       0.22570786897222389     
   1.6554508754756401       0.20497476819389202     
   2.2058899916214054       0.18615236133448454     
   2.9393506791540505       0.17260579494503472     
   3.9166877985120365       0.16150231527675485     
   5.2189905137239574       0.15102367423645999     
   6.9543102191316919       0.14219168305460167     
   9.2666255086581764       0.13614812925201697     
   12.347788006563231       0.12999639458163184     
   16.453440199193327       0.12495596347088439     
   21.924225962134859       0.12168325938733994     
   29.214053609427793       0.11936229134281523     
   38.927756435667369       0.11838443967575120     
   51.871275427029779       0.11709892734538511     
   69.118527775248495       0.11564274267534273     
   92.100509241157710       0.11519602299827590     
   122.72402314561722       0.11498545714274631     
   163.52988687184671       0.11583287982872903     
   217.90374219225566       0.11714052056945556     
   290.35696024543336       0.11917662281492489     
   386.90094770646141       0.12083840967582438     
   515.54591014324524       0.12440316691557107     
   686.96545470102581       0.12858335129332030     
   915.38217386200006       0.13345614727494920     
   1219.7476867144564       0.13837377322605976     
   1625.3150451557306       0.14338996083234029     
   2165.7339667724109       0.14670378210602084     
   2885.8427348048995       0.14501572263711732     
   3845.3884077173038       0.13451728878718686     
   5123.9840022697263       0.11044491987459244     
   6827.7139450528530        7.4858323485534575E-002
   9097.9358434412316        3.9154067488870341E-002
   12123.008854427357        1.3554838125455510E-002
   16153.921748137405        2.6100554856128299E-003
   21525.117318515087        2.2924686252725741E-004
   28682.240931943445        7.4808579861792801E-006
   38219.115496779363        4.2611242565887678E-008
   50927.010648229239        8.8094180100688801E-012
   67860.293987792626        0.0000000000000000     
   90423.911427241081        0.0000000000000000     
   120489.95483680644        0.0000000000000000     
   160552.98855610055        0.0000000000000000     
   213937.02212942560        0.0000000000000000     
   285071.30168812518        0.0000000000000000     
   379857.80225078925        0.0000000000000000     
   506160.91159066890        0.0000000000000000     
   674459.93449188024        0.0000000000000000     
   898718.55534088309        0.0000000000000000     
   1197543.3979225163        0.0000000000000000     
   1595727.8075379776        0.0000000000000000     
   2126308.9422624172        0.0000000000000000     
   2833308.8491581720        0.0000000000000000     
   3775386.9511438375        0.0000000000000000     
   5030706.9894982157        0.0000000000000000     
   6703422.2297448562        0.0000000000000000     
   8932317.0051531065        0.0000000000000000     
   11902321.582327656        0.0000000000000000     
   15859855.731431741        0.0000000000000000     
   21133274.049266435        0.0000000000000000     
   28160109.373269815        0.0000000000000000     
   37523374.658648454        0.0000000000000000     
   49999935.266935006        0.0000000000000000     
   66624965.090166487        0.0000000000000000     
   88777834.402544767        0.0000000000000000     
   118296555.51097512        0.0000000000000000     
   157630281.70193860        0.0000000000000000     
   210042512.24480730        0.0000000000000000     
   279881863.26744068        0.0000000000000000     
   372942870.22598165        0.0000000000000000     
   496946757.56638557        0.0000000000000000     
   662182064.79213011        0.0000000000000000     
   882358281.35732234        0.0000000000000000     
   1175743316.0383906        0.0000000000000000     
   1566679176.0399857        0.0000000000000000     
   2087601610.9601123        0.0000000000000000     
   2781731290.4477043        0.0000000000000000     
   3706659801.1950464        0.0000000000000000     
   4939127991.6127462        0.0000000000000000     
   6581393121.0162401        0.0000000000000000     
   8769713092.4555302        0.0000000000000000     
   11685651701.673561        0.0000000000000000     
   15571142892.953049        0.0000000000000000     
   20748563895.502522        0.0000000000000000     
   27647482698.304775        0.0000000000000000     
   36840299087.820251        0.0000000000000000     
   49089736367.328346        0.0000000000000000     
   65412124121.720345        0.0000000000000000     
   87161722566.574142        0.0000000000000000     
   116143084829.89278        0.0000000000000000     
   154760779807.90973        0.0000000000000000     
   206218898024.20563        0.0000000000000000     
   274786893391.86264        0.0000000000000000     
   366153817634.54047        0.0000000000000000     
   487900338016.33582        0.0000000000000000     
   650127701451.55261        0.0000000000000000     
   866295829826.88269        0.0000000000000000     
