  -3.0891035962911687E+019
  -3.0891035962911688E+018
  -2.7988061886469832E+018
  -2.5357893762493000E+018
  -2.2974894748990661E+018
  -2.0815837217045929E+018
  -1.8859676345877069E+018
  -1.7087344994222252E+018
  -1.5481567848612721E+018
  -1.4026693036995612E+018
  -1.2708539566406479E+018
  -1.1514259097632059E+018
  -1.0432210709549766E+018
  -9.4518474324436813E+017
  -8.5636134443116339E+017
  -7.7588509281126656E+017
  -7.0297156820713779E+017
  -6.3691006604738150E+017
  -5.7705666996897600E+017
  -5.2282797541923501E+017
  -4.7369540308003392E+017
  -4.2918004668596506E+017
  -3.8884800501694144E+017
  -3.5230615256513011E+017
  -3.1919830765195027E+017
  -2.8920176064490771E+017
  -2.6202412843401376E+017
  -2.3740050450765981E+017
  -2.1509087684909309E+017
  -1.9487778848515034E+017
  -1.7656421788408896E+017
  -1.5997165854227434E+017
  -1.4493837904102384E+017
  -1.3131784661398715E+017
  -1.1897729885921894E+017
  -1.0779644967410045E+017
  -97666316799563904.     
  -88488159545430528.     
  -80172516342630576.     
  -72638332741109472.     
  -65812171353819992.     
  -59627496045945312.     
  -54024023392184472.     
  -48947135080607840.     
  -44347345535650472.     
  -40179819571044776.     
  -36403935371146296.     
  -32982888540933704.     
  -29883333365268540.     
  -27075057780687996.     
  -24530688891607372.     
  -22225426160532424.     
  -20136799671626004.     
  -18244451111369976.     
  -16529935331491104.     
  -14976540559940168.     
  -13569125507480120.     
  -12293971782124518.     
  -11138650172876320.     
  -10091899499404678.     
  -9143516846780072.0     
  -8284258115361016.0     
  -7505747916469665.0     
  -6800397935589156.0     
  -6161332967350284.0     
  -5582323901353957.0     
  -5057727005627032.0     
  -4582428915893710.0     
  -4151796794460541.0     
  -3761633172902369.5     
  -3408135038390793.5     
  -3087856764870274.0     
  -2797676527763745.5     
  -2534765874844271.5     
  -2296562156673183.0     
  -2080743547877932.8     
  -1885206415796461.8     
  -1708044815895130.5     
  -1547531914097417.8     
  -1402103154942660.0     
  -1270341011511060.2     
  -1150961168469048.8     
  -1042800003558024.5     
  -944803245505722.50     
  -856015697806311.50     
  -775571928204588.62     
  -702687833132571.88     
  -636652994875152.88     
  -576823756968382.75     
  -522616950334722.06     
  -473504209002501.75     
  -429006820003612.19     
  -388691057250220.38     
  -352163953908756.06     
  -319069472063543.75     
  -289085032334927.06     
  -261918369625291.38     
  -237304684345230.97     
  -215004061352220.47     
  -194799131443602.78     
  -176492952609940.06     
  -159907090396821.72     
  -144879878663989.22     
  -131264843788999.58     
  -118929276955787.48     
  -107752940611900.03     
  -97626896485950.922     
  -88452443741716.234     
  -80140156918819.703     
  -72609014282598.859     
  -65785608086981.047     
  -59603429052624.414     
  -54002218085968.930     
  -48927378920259.359     
  -44329445953417.781     
  -40163602095662.211     
  -36389241927223.125     
  -32969575908157.617     
  -29871271782404.949     
  -27064129680767.996     
  -24520787755976.020     
  -22216455480587.293     
  -20128672008126.133     
  -18237087242145.910     
  -16523263479248.451     
  -14970495692630.150     
  -13563648704417.541     
  -12289009659674.514     
  -11134154364112.064     
  -10087826182664.029     
  -9139826318525.9414     
  -8280914403182.0410     
  -7502718428449.0020     
  -6797653142623.6895     
  -6158846115323.8496     
  -5580070750358.8945     
  -5055685593692.3506     
  -4580579344916.8047     
  -4150121036255.8892     
  -3760114893476.7505     
  -3406759438732.1675     
  -3086610436698.4751     
  -2796547322836.9497     
  -2533742786547.3442     
  -2295635212733.7144     
  -2079903713164.2512     
  -1884445504250.1770     
  -1707355410739.7607     
  -1546907295545.4045     
  -1401537234696.0820     
  -1269828273417.6194     
  -1150496614754.8884     
  -1042379106113.3074     
  -944421901748.10974     
  -855670190692.18127     
  -775258889998.16052     
  -702404212579.83875     
  -636396027462.60962     
  -576590937976.69617     
  -522406010424.66150     
  -473313092095.18384     
  -428833663239.42963     
  -388534172831.13385     
  -352021812646.94562     
  -318940688476.06665     
  -288968351139.10754     
  -261812653503.19312     
  -237208902857.96637     
  -214917280896.02701     
  -194720506149.79990     
  -176421716100.05261     
  -159842548312.51959     
  -144821401899.01746     
  -131211862357.13950     
  -118881274435.07216     
  -107709449110.93173     
  -97587492083.259720     
  -88416742353.700317     
  -80107810555.997238     
  -72579707657.674789     
  -65759055541.671898     
  -59579371773.281273     
  -53980421580.863640     
  -48907630733.939857     
  -44311553595.857574     
  -40147391166.016045     
  -36374554413.903061     
  -32956268648.658386     
  -29859215067.866383     
  -27053205991.673962     
  -24510890616.664772     
  -22207488421.409557     
  -20120547625.133358     
  -18229726345.144489     
  -16516594319.914854     
  -14964453265.164049     
  -13558174111.915382     
  -12284049540.048283     
  -11129660369.956953     
  -10083754510.005260     
  -9136137279.8516998     
  -8277572040.6002016     
  -7499690163.1975727     
  -6794909457.5181646     
  -6156360267.0466242     
  -5577818508.7860594     
  -5053645005.7172747     
  -4578730520.4681854     
  -4148445954.4247866     
  -3758597226.8627238     
  -3405384394.2963781     
  -3085364611.5726500     
  -2795418573.6825566     
  -2532720111.1917729     
  -2294708642.9295821     
  -2079064217.4266813     
  -1883684899.8248401     
  -1706666283.8437603     
  -1546282929.1034331     
  -1400971542.8675923     
  -1269315742.2767608     
  -1150032248.5450172     
  -1041958378.5522289     
  -944040711.90938294     
  -855324823.03246307     
  -774945978.14096737     
  -702120706.50271499     
  -636139163.76787126     
  -576358212.95596981     
  -522195155.65467459     
  -473122052.32693076     
  -428660576.36519647     
  -388377351.73411435     
  -351879728.75653309     
  -318811956.86853129     
  -288851717.03843290     
  -261706980.05049068     
  -237113160.03025597     
  -214830535.46637028     
  -194641912.59092683     
  -176350508.34281653     
  -159778032.27884847     
  -144762948.73657820     
  -131158902.30977254     
  -118833291.28924966     
  -107665975.16410780     
  -97548103.585068271     
  -88381055.375564620     
  -80075477.248891503     
  -72550412.861561254     
  -65732513.713564821     
  -59555324.203995064     
  -53958633.873316064     
  -48887890.518430799     
  -44293668.460053533     
  -40131186.779464282     
  -36359872.828792498     
  -32942966.760267224     
  -29847163.219687976     
  -27042286.711625580     
  -24500997.472060733     
  -22198524.981537804     
  -20112426.521323588     
  -18222368.419165988     
  -16509927.852403384     
  -14958413.276556976     
  -13552701.729081413     
  -12279091.422437482     
  -11125168.189678567     
  -10079684.480764817     
  -9132449.7301561162     
  -8274231.0270707980     
  -7496663.1202218439     
  -6792166.8798254188     
  -6153875.4221134475     
  -5575567.1762683820     
  -5051605.2413692158     
  -4576882.4422465339     
  -4146771.5486942474     
  -3757080.1728129447     
  -3404009.9048593352     
  -3084119.2892897571     
  -2794290.2801166154     
  -2531697.8486108882     
  -2293782.4471097854     
  -2078225.0605283962     
  -1882924.6023964903     
  -1705977.4350948115     
  -1545658.8146697462     
  -1400406.0793650008     
  -1268803.4180049535     
  -1149568.0697637522     
  -1041537.8208062203     
  -943659.67592741526     
  -854979.59477087017     
  -774633.19258201029     
  -701837.31485499570     
  -635882.40374907490     
  -576125.58186827600     
  -521984.38599039690     
   0.0000000000000000     
   5219843.8599039689     
   5904310.9014049955     
   6678530.6526565747     
   7554272.1959068477     
   8544847.8681686129     
   9665315.6249396596     
   10932707.939448047     
   12366290.716969376     
   13987856.160028694     
   15822054.036394462     
   17896766.385541148     
   20243531.359574635     
   22898022.641518116     
   25900591.728699919     
   29296881.324610423     
   33138519.163530707     
   37483902.814911462     
   42399087.397483714     
   47958789.697435856     
   54247523.954475053     
   61360886.581103250     
   69407009.344403759     
   78508203.100469917     
   88802817.068238854     
   100447341.90595546     
   113618788.55958702     
   128517379.04457939     
   145369590.06411120     
   164431595.73054692     
   185993161.72364372     
   210382050.08145496     
   237969001.58211216     
   269173371.45475006     
   304469504.08923829     
   344393943.64806432     
   389553590.19044185     
   440634925.29165310     
   498414447.39826876     
   563770475.54933643     
   637696500.89446616     
   721316288.96813118     
   815900962.29312968     
   922888322.98956490     
   1043904709.1165116     
   1180789716.9893560     
   1335624165.2821076     
   1510761726.0030792     
   1708864703.1732306     
   1932944503.0866380     
   2186407411.3502812     
   2473106372.5698562     
   2797399559.7958369     
   3164216624.0566349     
   3579133631.0523682     
   4048457824.1381569     
   4579323502.0974407     
   5179800469.1641169     
   5859016705.8658113     
   6627297125.4343071     
   7496320525.0495071     
   8479297117.7666788     
   9591169343.8283806     
   10848839013.937311     
   12271424237.344202     
   13880550040.370329     
   15700677093.119759     
   17759473541.427376     
   20088235596.340675     
   22722363274.607254     
   25701898522.002232     
   29072133899.624828     
   32884301085.936790     
   37196349660.610863     
   42073828008.651794     
   47590879735.604164     
   53831370740.570618     
   60890164079.921791     
   68874562001.177399     
   77905937067.728180     
   88121577169.479034     
   99676772465.820206     
   112747175984.99866     
   127531473763.87270     
   144254405117.42270     
   163170178949.78964     
   184566338038.92575     
   208768130036.68597     
   236143451628.88025     
   267108441012.53525     
   302133803702.82172     
   341751967829.61737     
   386565177692.90924     
   437254648608.93231     
   494590922211.84283     
   559445579624.11108     
   632804490550.07642     
   715782799695.00610     
   809641878321.46436     
   915808498627.27209     
   1035896522418.9333     
   1171731433774.7556     
   1325378088623.9902     
   1499172103069.3643     
   1695755357593.6934     
   1918116156857.7202     
   2169634655566.9661     
   2454134240936.0464     
   2775939652826.4253     
   3139942725054.4214     
   3551676747217.3389     
   4017400577427.9541     
   4544193784573.2754     
   5140064266375.6641     
   5814069979181.8096     
   6576456629920.3848     
   7438813423313.8604     
   8414249231891.3662     
   9517591866801.3145     
   10765613478582.547     
   12177285514259.977     
   13774067106422.805     
   15580231278150.205     
   17623233922496.238     
   19934131165471.137     
   22548051456944.078     
   25504729565823.629     
   28849110596892.285     
   32632033211085.969     
   36911002434997.992     
   41751063807252.344     
   47225792149834.664     
   53418409994908.359     
   60423052668564.203     
   68346199262315.703     
   77308291244848.188     
   87445563318889.578     
   98912114354454.859     
   111882249879169.66     
   126553131734375.95     
   143147775175015.47     
   161918438972859.31     
   183150460056772.78     
   207166590981217.22     
   234331906157785.66     
   265059351430462.12     
   299816021354900.62     
   339130259604006.50     
   383599690434625.19     
   433900303303403.19     
   490796728729036.88     
   555153861606518.31     
   627950008661896.75     
   710291759904865.75     
   803430810143350.25     
   908782986267581.75     
   1027949769541532.6     
   1162742640066724.5     
   1315210613483884.2     
   1487671388503814.8     
   1682746578747850.8     
   1903401564464742.2     
   2152990569918551.8     
   2435307651678708.0     
   2754644372896266.0     
   3115855040285547.5     
   3524430495492659.0     
   3986581582569473.5     
   4509333560360243.0     
   5100632894983989.0     
   5769468055788345.0     
   6526006151020331.0     
   7381747480242497.0     
   8349700352879225.0     
   9444578830347794.0     
   10683026397695202.     
   12083868964821832.     
   13668401043218104.     
   15460709448449434.     
   17488039449060186.     
   19781208927806180.     
   22375076850970124.     
   25309073167063640.     
   28627798190020888.     
   32381700578237632.     
   36627844215562088.     
   41430775651761688.     
   46863505288616336.     
   53008617226860600.     
   59959524644998792.     
   67821889793278384.     
   76715230188457920.     
   86774735425484304.     
   98153322223827392.     
   1.1102395894767683E+017
   1.2558229493553638E+017
   1.4204963460822485E+017
   1.6067630156534378E+017
   1.8174544380857187E+017
   2.0557733793580976E+017
   2.3253425773516349E+017
   2.6302598118731910E+017
   2.9751601958944493E+017
   3.3652866349088442E+017
   3.8065695254743437E+017
   4.3057169044569254E+017
   4.8703164193529139E+017
   5.5089506697631718E+017
   6.2313276733498778E+017
   7.0484284395171878E+017
   7.9726738941152832E+017
   9.0181136926264102E+017
   1.0200639792023078E+018
   1.1538228027850524E+018
   1.3051211368799032E+018
   1.4762589002568097E+018
   1.6698375951503626E+018
   1.8887998532591299E+018
   2.1364741673279099E+018
   2.4166254882873851E+018
   2.7335124570892580E+018
   3.0919521412304051E+018
   3.4973932600399764E+018
   3.9559990118429107E+018
   4.4747407620735232E+018
   5.0615040165124895E+018
   5.7252082905694003E+018
   6.4759426967696804E+018
   7.3251193115410012E+018
   8.2856466526604995E+018
   9.3721259044314030E+018
   1.0601072873450377E+019
   1.1991169048963346E+019
   1.3563545584232661E+019
   1.5342104515777950E+019
   1.7353882103413924E+019
   1.9629459814295847E+019
   2.2203429198430171E+019
   2.5114917722323792E+019
   2.8408183554083152E+019
   3.2133288341420438E+019
   3.6346858209611108E+019
   4.1112944547497746E+019
   4.6503997666534769E+019
   5.2601968133676147E+019
   5.9499552519706214E+019
   6.7301602499903799E+019
   7.6126718727084327E+019
   8.6109053705829614E+019
   9.7400351073786986E+019
   1.1017225228959513E+020
   1.2461890579189953E+020
   1.4095991829184925E+020
   1.5944369306231210E+020
   1.8035120596986603E+020
   2.0400027664984752E+020
   2.3075039975151455E+020
   2.6100820969412916E+020
   2.9523366200490131E+020
   3.3394702520265146E+020
   3.7773678951233192E+020
   4.2726861263248903E+020
   4.8329543854221807E+020
   5.4666894316578714E+020
   6.1835248088295984E+020
   6.9943572868772581E+020
   7.9115125060446926E+020
   8.9489323416085869E+020
   1.0122386837346390E+021
   1.1449713929389881E+021
   1.2951090604558621E+021
   1.4649339615109878E+021
   1.6570276412342448E+021
   1.8743101572867256E+021
   2.1200844682901526E+021
   2.3980866428167934E+021
   2.7125426521776157E+021
   3.0682326103281107E+021
   3.4705634374166601E+021
   3.9256510515496076E+021
   4.4404133381880021E+021
   5.0226753104239206E+021
   5.6812880587005247E+021
   6.4262632981563263E+021
   7.2689255588770150E+021
   8.2220843325318412E+021
   9.3002287922328906E+021
   1.0519748045596040E+022
   1.1899180269118102E+022
   1.3459494511015845E+022
   1.5224409446272893E+022
   1.7220753929359094E+022
   1.9478874825462380E+022
   2.2033098319764054E+022
   2.4922251717219809E+022
   2.8190253664838055E+022
   3.1886781768552281E+022
   3.6068027753276304E+022
   4.0797551645494048E+022
   4.6147247962998530E+022
   5.2198438599039692E+022
