   2.8284271444232390E-007
   2.8284271444232390E-007
   2.8645743493696121E-007
   2.9216646932852110E-007
   3.0183118831623802E-007
   3.1871187798232164E-007
   3.4762425795542619E-007
   3.9382516701629503E-007
   4.6054072426974145E-007
   5.4743313267448181E-007
   6.5173639964725880E-007
   7.7001274724750674E-007
   8.9924033444798058E-007
   1.0370148524106431E-006
   1.1816517416725061E-006
   1.3307882839417359E-006
   1.4793836780227607E-006
   1.6289557861813240E-006
   1.7800445429104650E-006
   1.9328295084982365E-006
   2.0874455941619948E-006
   2.2442108570621963E-006
   2.4023640006242768E-006
   2.5622534857913466E-006
   2.7221515770975887E-006
   2.8820022719919649E-006
   3.0396297409835111E-006
   3.1939702176710162E-006
   3.3432475908672288E-006
   3.4845513578550634E-006
   3.6166318509000766E-006
   3.7370832321401203E-006
   3.8454198945130411E-006
   3.9411525089205272E-006
   4.0229992223874314E-006
   4.0910864912275180E-006
   4.1464722813181944E-006
   4.1910608545735447E-006
   4.2268606666115912E-006
   4.2561129145515335E-006
   4.2799820166369659E-006
   4.2990077193849896E-006
   4.3144086087006729E-006
   4.3267921742494279E-006
   4.3374048131738363E-006
   4.3468886420037252E-006
   4.3556179010456516E-006
   4.3642090311503169E-006
   4.3730803339930312E-006
   4.3821591641893642E-006
   4.3914075127220661E-006
   4.4005853864040008E-006
   4.4099184140988979E-006
   4.4196275233603075E-006
   4.4305806774232493E-006
   4.4421177795635103E-006
   4.4543114138554292E-006
   4.4668470910936945E-006
   4.4799281520047855E-006
   4.4934217333610486E-006
   4.5074418387708268E-006
   4.5217840554976148E-006
   4.5364389006719736E-006
   4.5514455348141244E-006
   4.5668501686484011E-006
   4.5824891011184422E-006
   4.5983795659740991E-006
   4.6145615305115069E-006
   4.6309721818847818E-006
   4.6476871300596634E-006
   4.6645176754893045E-006
   4.6815893145611155E-006
   4.6987770362023883E-006
   4.7163335434154412E-006
   4.7339449193523052E-006
   4.7518205733996225E-006
   4.7697892115676743E-006
   4.7879428923431175E-006
   4.8061447585127467E-006
   4.8245378776590655E-006
   4.8430744370375894E-006
   4.8619124890849183E-006
   4.8809216122813286E-006
   4.9000359419901709E-006
   4.9192453136350712E-006
   4.9386600737149612E-006
   4.9583078967086984E-006
   4.9780293822224398E-006
   4.9980849093361813E-006
   5.0182921391746551E-006
   5.0385779717766464E-006
   5.0592842414127252E-006
   5.0802133749951448E-006
   5.1013163694974846E-006
   5.1227013743874416E-006
   5.1443111962987735E-006
   5.1661954097185511E-006
   5.1883859967333355E-006
   5.2107267804491207E-006
   5.2334862433308529E-006
   5.2563699567297816E-006
   5.2797023959932511E-006
   5.3032600620032245E-006
   5.3270503091992072E-006
   5.3512166907328621E-006
   5.3754743229445708E-006
   5.4000964314064950E-006
   5.4248324778476319E-006
   5.4498109418781518E-006
   5.4749861244707006E-006
   5.5004653115735084E-006
   5.5261712734287478E-006
   5.5518837539881884E-006
   5.5778169472955797E-006
   5.6037393309890486E-006
   5.6298052321237653E-006
   5.6559593934773777E-006
   5.6820650250791229E-006
   5.7082718233897190E-006
   5.7343777138334106E-006
   5.7604857687729720E-006
   5.7864853418627772E-006
   5.8123848093152545E-006
   5.8381975093320450E-006
   5.8638649808347174E-006
   5.8894220146320207E-006
   5.9148841596350932E-006
   5.9401763280540458E-006
   5.9652885309683619E-006
   5.9904061948600786E-006
   6.0151178510675711E-006
   6.0396849379719397E-006
   6.0641089017860145E-006
   6.0881635337332122E-006
   6.1120832628891643E-006
   6.1356666348027580E-006
   6.1590394999963827E-006
   6.1821670795679894E-006
   6.2050822953616169E-006
   6.2277574155376153E-006
   6.2501618791930831E-006
   6.2722594907968821E-006
   6.2941681990404807E-006
   6.3158509071559073E-006
   6.3373281988915558E-006
   6.3585324713147294E-006
   6.3793418328159428E-006
   6.4000404358149397E-006
   6.4204297150661040E-006
   6.4406445954498743E-006
   6.4606793340381169E-006
   6.4805416543631126E-006
   6.5001786604974202E-006
   6.5195867062348340E-006
   6.5388011083273733E-006
   6.5577335605756348E-006
   6.5765694478923252E-006
   6.5952456959818732E-006
   6.6136251923008724E-006
   6.6319124955855455E-006
   6.6501234948514366E-006
   6.6682236561422789E-006
   6.6861865759753658E-006
   6.7040409929531367E-006
   6.7217206615280647E-006
   6.7393314172289640E-006
   6.7568253374910336E-006
   6.7741747909538647E-006
   6.7915628085126837E-006
   6.8088926786766472E-006
   6.8260875932709700E-006
   6.8432286379102339E-006
   6.8603890029119031E-006
   6.8775975495472819E-006
   6.8946924192468660E-006
   6.9118728097397340E-006
   6.9290333413997570E-006
   6.9461896861326442E-006
   6.9632794737693197E-006
   6.9805671702565009E-006
   6.9977004366286715E-006
   7.0149996400789902E-006
   7.0323421462124475E-006
   7.0498450905779896E-006
   7.0674289469985680E-006
   7.0850525625455644E-006
   7.1028900666886958E-006
   7.1209520540322017E-006
   7.1391190383426449E-006
   7.1574402487640370E-006
   7.1758896065225363E-006
   7.1946545374505720E-006
   7.2137069365397224E-006
   7.2330786339829387E-006
   7.2526906812631338E-006
   7.2726083364539862E-006
   7.2928798950318905E-006
   7.3135005190374467E-006
   7.3344916263049257E-006
   7.3559562316003546E-006
   7.3779558101212341E-006
   7.4006076580543926E-006
   7.4238195835726946E-006
   7.4476323085085530E-006
   7.4721813634395293E-006
   7.4975249187959600E-006
   7.5234798205177499E-006
   7.5504051314307821E-006
   7.5784549651879223E-006
   7.6074692530054419E-006
   7.6379552303000563E-006
   7.6693535319924489E-006
   7.7021495517116891E-006
   7.7365772774009695E-006
   7.7729439530084740E-006
   7.8109347119826136E-006
   7.8510518813656331E-006
   7.8932401862824710E-006
   7.9377503567327728E-006
   7.9850792373780104E-006
   8.0343815948940903E-006
   8.0870548872333241E-006
   8.1425043397808358E-006
   8.2600265184971223E-006
   8.5718929656624880E-006
   8.8584222178158386E-006
   9.1287095340702034E-006
   9.3917559930620125E-006
   9.6445449333578062E-006
   9.9011402722864051E-006
   1.0168631403169798E-005
   1.0444784382943758E-005
   1.0733439659785086E-005
   1.1021586309199606E-005
   1.1312115171148322E-005
   1.1606923791623681E-005
   1.1896150965316885E-005
   1.2170729513156644E-005
   1.2431393062617216E-005
   1.2677018280316294E-005
   1.2916924436663998E-005
   1.3144373778584213E-005
   1.3344924178803123E-005
   1.3526777903279699E-005
   1.3681260390185669E-005
   1.3808299255460832E-005
   1.3918859139834578E-005
   1.4017523119728270E-005
   1.4103138948488112E-005
   1.4180372678739155E-005
   1.4248096060712590E-005
   1.4307642590925332E-005
   1.4354965144278303E-005
   1.4394844972025488E-005
   1.4432203606079855E-005
   1.4464413565590691E-005
   1.4489300645297220E-005
   1.4512598307181918E-005
   1.4530941877684929E-005
   1.4549224192769112E-005
   1.4567040539211566E-005
   1.4582569892695547E-005
   1.4596121881155739E-005
   1.4607241929444125E-005
   1.4617073244816979E-005
   1.4627951717776318E-005
   1.4636526689222400E-005
   1.4644803985328963E-005
   1.4652555389086361E-005
   1.4659742708658634E-005
   1.4665369836391600E-005
   1.4671106583878265E-005
   1.4676386310723856E-005
   1.4680953920388522E-005
   1.4685365457719265E-005
   1.4689447085403233E-005
   1.4694023207702501E-005
   1.4697334138769276E-005
   1.4700135738312681E-005
   1.4702772592056731E-005
   1.4705240622717532E-005
   1.4706684076971579E-005
   1.4708363638213576E-005
   1.4710193570471899E-005
   1.4711704644930218E-005
   1.4713393845094625E-005
   1.4714522676274656E-005
   1.4715673510131081E-005
   1.4716435384803835E-005
   1.4717138655689947E-005
   1.4717751333588574E-005
   1.4718530929677529E-005
   1.4719024479622055E-005
   1.4719641879243668E-005
   1.4720135592188529E-005
   1.4720769477168850E-005
   1.4721433558797459E-005
   1.4721805382956793E-005
   1.4722168596137191E-005
   1.4722577505916036E-005
   1.5626232095176888E-005
   1.5626232095176888E-005
   1.5626232095176888E-005
   1.5626232095176888E-005
   1.5626232095176888E-005
   1.5626232095176888E-005
   1.5626232095176888E-005
   1.5626232095176888E-005
   1.5626232095176888E-005
   1.5626232095176888E-005
   1.5626232095176888E-005
   1.5626232095176888E-005
   1.5626232095176888E-005
   1.5626232095176888E-005
   1.5626232095176888E-005
   1.5626232095176888E-005
   1.5626232095176888E-005
   1.5626232095176888E-005
   1.5626232095176888E-005
   1.5626232095176888E-005
   1.5626232095176888E-005
   1.5626232095176888E-005
   1.5626232095176888E-005
   1.5626232095176888E-005
   1.5626232095176888E-005
   1.5626232095176888E-005
   1.5626232095176888E-005
   1.5626232095176888E-005
   1.5626232095176888E-005
   1.5626232095176888E-005
   1.5626232095176888E-005
   1.5626232095176888E-005
   1.5626232095176888E-005
   1.5626232095176888E-005
   1.5626232095176888E-005
   1.5626232095176888E-005
   1.5626232095176888E-005
   1.5626232095176888E-005
   1.5626232095176888E-005
   1.5626232095176888E-005
   1.5626232095176888E-005
