   4.0632770917336937E-006
   5.4143208974803480E-006
   7.2145881560798296E-006
   9.6134461269316134E-006
   1.2809926836576844E-005
   1.7069240664775704E-005
   2.2744780714914024E-005
   3.0307443660167211E-005
   4.0384699801124538E-005
   5.3812653957696106E-005
   7.1705416661042262E-005
   9.5547541338059853E-005
   1.2731719695463741E-004
   1.6965029568928391E-004
   2.2605919322678841E-004
   3.0122410712411389E-004
   4.0138143208222029E-004
   5.3484117044454453E-004
   7.1267640886759774E-004
   9.4964204669258610E-004
   1.2653990024440751E-003
   1.6861454702466480E-003
   2.2467905706753093E-003
   2.9938507427458520E-003
   3.9893091892164540E-003
   5.3157585914154664E-003
   7.0832537820307174E-003
   9.4384429386385402E-003
   1.2576734908458401E-002
   1.6758512181083561E-002
   2.2330734691294457E-002
   2.9755726908493374E-002
   3.9649536662938696E-002
   5.2833048321094415E-002
   7.0400091144273480E-002
   9.3808193746473298E-002
  0.12499951450264123     
  0.16656198144187623     
  0.22194401132060174     
  0.29574062300807191     
  0.39407468386638045     
  0.52510492094333994     
  0.69970284640869074     
  0.93235476139301121     
   1.2423636770293720     
   1.6554508754756401     
   2.2058899916214054     
   2.9393506791540505     
   3.9166877985120361     
   5.2189905137239574     
   6.9543102191316919     
   9.2666255086581764     
   12.347788006563231     
   16.453440199193327     
   21.924225962134859     
   29.214053609427793     
   38.927756435667369     
   51.871275427029779     
   69.118527775248495     
   92.100509241157710     
   122.72402314561722     
   163.52988687184671     
   217.90374219225563     
   290.35696024543336     
   386.90094770646141     
   515.54591014324524     
   686.96545470102581     
   915.38217386200006     
   1219.7476867144562     
   1625.3150451557303     
   2165.7339667724109     
   2885.8427348048995     
   3845.3884077173038     
   5123.9840022697263     
   6827.7139450528530     
   9097.9358434412316     
   12123.008854427357     
   16153.921748137405     
   21525.117318515084     
   28682.240931943441     
   38219.115496779355     
   50927.010648229239     
   67860.293987792626     
   90423.911427241081     
   120489.95483680644     
   160552.98855610055     
   213937.02212942563     
   285071.30168812518     
   379857.80225078925     
   506160.91159066878     
   674459.93449188012     
   898718.55534088309     
   1197543.3979225161     
   1595727.8075379774     
   2126308.9422624172     
   2833308.8491581720     
   3775386.9511438375     
   5030706.9894982167     
   6703422.2297448562     
   8932317.0051531065     
   11902321.582327656     
   15859855.731431743     
   21133274.049266435     
   28160109.373269822     
   37523374.658648454     
   49999935.266935006     
   66624965.090166494     
   88777834.402544782     
   118296555.51097512     
   157630281.70193860     
   210042512.24480736     
   279881863.26744068     
   372942870.22598165     
   496946757.56638557     
   662182064.79213011     
   882358281.35732222     
   1175743316.0383904     
   1566679176.0399857     
   2087601610.9601123     
   2781731290.4477043     
   3706659801.1950464     
   4939127991.6127453     
   6581393121.0162392     
   8769713092.4555302     
   11685651701.673561     
   15571142892.953049     
   20748563895.502522     
   27647482698.304775     
   36840299087.820259     
   49089736367.328346     
   65412124121.720345     
   87161722566.574142     
   116143084829.89276     
   154760779807.90973     
   206218898024.20563     
   274786893391.86261     
   366153817634.54047     
   487900338016.33588     
   650127701451.55261     
   866295829826.88269     
