   4.0632770917336937E-006   0.0000000000000000     
   5.4143208974803480E-006   0.0000000000000000     
   7.2145881560798296E-006   0.0000000000000000     
   9.6134461269316134E-006   0.0000000000000000     
   1.2809926836576842E-005   0.0000000000000000     
   1.7069240664775704E-005   0.0000000000000000     
   2.2744780714914020E-005   0.0000000000000000     
   3.0307443660167208E-005   0.0000000000000000     
   4.0384699801124538E-005   0.0000000000000000     
   5.3812653957696100E-005   0.0000000000000000     
   7.1705416661042262E-005   0.0000000000000000     
   9.5547541338059840E-005   0.0000000000000000     
   1.2731719695463739E-004   0.0000000000000000     
   1.6965029568928388E-004   3.3971144869891707E-010
   2.2605919322678841E-004   5.4552266890307062E-010
   3.0122410712411389E-004   2.8597324447167486E-010
   4.0138143208222023E-004   8.7583951444059570E-009
   5.3484117044454453E-004   3.6568861403604450E-008
   7.1267640886759774E-004   7.8517950538233182E-008
   9.4964204669258610E-004   2.3999797670612340E-007
   1.2653990024440751E-003   7.7504093407112910E-007
   1.6861454702466480E-003   2.2535194551165556E-006
   2.2467905706753098E-003   5.7422701737487993E-006
   2.9938507427458524E-003   1.2213641011674401E-005
   3.9893091892164532E-003   1.7731694791772554E-005
   5.3157585914154655E-003   1.3562269189365375E-005
   7.0832537820307165E-003   4.4929926213432409E-006
   9.4384429386385402E-003   1.4979237835817423E-006
   1.2576734908458401E-002   7.5165600505979037E-007
   1.6758512181083561E-002   4.4906808096983013E-007
   2.2330734691294457E-002   2.8874374968938447E-007
   2.9755726908493374E-002   1.9843840764955522E-007
   3.9649536662938696E-002   1.4008595774879606E-007
   5.2833048321094415E-002   1.0454882162003492E-007
   7.0400091144273494E-002   7.8771975197281637E-008
   9.3808193746473326E-002   6.1073475703393771E-008
  0.12499951450264125        4.8752807311608156E-008
  0.16656198144187623        3.9306526872579101E-008
  0.22194401132060174        3.2149216627664856E-008
  0.29574062300807191        2.6705762377295505E-008
  0.39407468386638045        2.2627288497452468E-008
  0.52510492094334005        1.9518676202395403E-008
  0.69970284640869085        1.7003900654465637E-008
  0.93235476139301121        1.5138010294935025E-008
   1.2423636770293720        1.3626367589626826E-008
   1.6554508754756401        1.2454445331936457E-008
   2.2058899916214054        1.1477365382440802E-008
   2.9393506791540505        1.0743699686985376E-008
   3.9166877985120365        1.0149530439908742E-008
   5.2189905137239574        9.7058578584754608E-009
   6.9543102191316919        9.2991642934783481E-009
   9.2666255086581764        8.9901458574350723E-009
   12.347788006563231        8.8207547669696306E-009
   16.453440199193327        8.7033763103751505E-009
   21.924225962134859        8.7158777385142663E-009
   29.214053609427793        8.6364302501558055E-009
   38.927756435667369        8.5992624389547035E-009
   51.871275427029779        8.7355061062660364E-009
   69.118527775248495        8.8652750667645169E-009
   92.100509241157710        9.1357935257666399E-009
   122.72402314561722        9.4243753981326938E-009
   163.52988687184671        9.7598334938827207E-009
   217.90374219225566        1.0043896640225979E-008
   290.35696024543336        1.0477467700161539E-008
   386.90094770646141        1.1088072916294308E-008
   515.54591014324524        1.1714472652231021E-008
   686.96545470102581        1.2445942758447286E-008
   915.38217386200006        1.3269745497992552E-008
   1219.7476867144564        1.4135574352700256E-008
   1625.3150451557306        1.5134380953443506E-008
   2165.7339667724109        1.6337391808419926E-008
   2885.8427348048995        1.7619196632247765E-008
   3845.3884077173038        1.8922995264656376E-008
   5123.9840022697263        1.9941031085366759E-008
   6827.7139450528530        1.9641612102944302E-008
   9097.9358434412316        1.6144649790113333E-008
   12123.008854427357        9.2811968659477754E-009
   16153.921748137405        3.1261661344299183E-009
   21525.117318515087        4.8712884185758684E-010
   28682.240931943445        2.2447896413769641E-011
   38219.115496779363        2.7347517768683581E-013
   50927.010648229239        1.3144690206022204E-016
   67860.293987792626        1.1859152341323199E-022
   90423.911427241081        0.0000000000000000     
   120489.95483680644        0.0000000000000000     
   160552.98855610055        0.0000000000000000     
   213937.02212942560        0.0000000000000000     
   285071.30168812518        0.0000000000000000     
   379857.80225078925        0.0000000000000000     
   506160.91159066890        0.0000000000000000     
   674459.93449188024        0.0000000000000000     
   898718.55534088309        0.0000000000000000     
   1197543.3979225163        0.0000000000000000     
   1595727.8075379776        0.0000000000000000     
   2126308.9422624172        0.0000000000000000     
   2833308.8491581720        0.0000000000000000     
   3775386.9511438375        0.0000000000000000     
   5030706.9894982157        0.0000000000000000     
   6703422.2297448562        0.0000000000000000     
   8932317.0051531065        0.0000000000000000     
   11902321.582327656        0.0000000000000000     
   15859855.731431741        0.0000000000000000     
   21133274.049266435        0.0000000000000000     
   28160109.373269815        0.0000000000000000     
   37523374.658648454        0.0000000000000000     
   49999935.266935006        0.0000000000000000     
   66624965.090166487        0.0000000000000000     
   88777834.402544767        0.0000000000000000     
   118296555.51097512        0.0000000000000000     
   157630281.70193860        0.0000000000000000     
   210042512.24480730        0.0000000000000000     
   279881863.26744068        0.0000000000000000     
   372942870.22598165        0.0000000000000000     
   496946757.56638557        0.0000000000000000     
   662182064.79213011        0.0000000000000000     
   882358281.35732234        0.0000000000000000     
   1175743316.0383906        0.0000000000000000     
   1566679176.0399857        0.0000000000000000     
   2087601610.9601123        0.0000000000000000     
   2781731290.4477043        0.0000000000000000     
   3706659801.1950464        0.0000000000000000     
   4939127991.6127462        0.0000000000000000     
   6581393121.0162401        0.0000000000000000     
   8769713092.4555302        0.0000000000000000     
   11685651701.673561        0.0000000000000000     
   15571142892.953049        0.0000000000000000     
   20748563895.502522        0.0000000000000000     
   27647482698.304775        0.0000000000000000     
   36840299087.820251        0.0000000000000000     
   49089736367.328346        0.0000000000000000     
   65412124121.720345        0.0000000000000000     
   87161722566.574142        0.0000000000000000     
   116143084829.89278        0.0000000000000000     
   154760779807.90973        0.0000000000000000     
   206218898024.20563        0.0000000000000000     
   274786893391.86264        0.0000000000000000     
   366153817634.54047        0.0000000000000000     
   487900338016.33582        0.0000000000000000     
   650127701451.55261        0.0000000000000000     
   866295829826.88269        0.0000000000000000     
