   -0.72024883E+01    0.00000000E+00
   -0.62024883E+01    0.25330236E-08
   -0.61648961E+01    0.18474933E-08
   -0.61273038E+01    0.23036889E-08
   -0.60897116E+01    0.24947380E-08
   -0.60521193E+01    0.13905447E-07
   -0.60145271E+01    0.12146115E-07
   -0.59769349E+01    0.24992321E-07
   -0.59393426E+01    0.19935829E-07
   -0.59017504E+01    0.15009439E-07
   -0.58641581E+01    0.15818715E-07
   -0.58265659E+01    0.14324156E-07
   -0.57889736E+01    0.10323214E-07
   -0.57513814E+01    0.12750439E-07
   -0.57137892E+01    0.12620933E-07
   -0.56761969E+01    0.11719422E-07
   -0.56386047E+01    0.87809302E-08
   -0.56010124E+01    0.13192915E-07
   -0.55634202E+01    0.13193322E-07
   -0.55258279E+01    0.15867783E-07
   -0.54882357E+01    0.15926348E-07
   -0.54506435E+01    0.15556903E-07
   -0.54130512E+01    0.16321841E-07
   -0.53754590E+01    0.20742792E-07
   -0.53378667E+01    0.20737747E-07
   -0.53002745E+01    0.21851737E-07
   -0.52626823E+01    0.22922746E-07
   -0.52250900E+01    0.26840839E-07
   -0.51874978E+01    0.21051015E-07
   -0.51499055E+01    0.39894368E-07
   -0.51123133E+01    0.52137535E-07
   -0.50747210E+01    0.25571632E-07
   -0.50371288E+01    0.21991659E-07
   -0.49995366E+01    0.19772302E-07
   -0.49619443E+01    0.24703814E-07
   -0.49243521E+01    0.24631668E-07
   -0.48867598E+01    0.24450155E-07
   -0.48491676E+01    0.24450889E-07
   -0.48115753E+01    0.22432371E-07
   -0.47739831E+01    0.21970607E-07
   -0.47363909E+01    0.22123399E-07
   -0.46987986E+01    0.22247367E-07
   -0.46612064E+01    0.22226196E-07
   -0.46236141E+01    0.22219574E-07
   -0.45860219E+01    0.22218326E-07
   -0.45484296E+01    0.23292363E-07
   -0.45108374E+01    0.23175778E-07
   -0.44732452E+01    0.23124461E-07
   -0.44356529E+01    0.21400972E-07
   -0.43980607E+01    0.21400859E-07
   -0.43604684E+01    0.20367459E-07
   -0.43228762E+01    0.16969390E-07
   -0.42852839E+01    0.16660960E-07
   -0.42476917E+01    0.23264618E-07
   -0.42100995E+01    0.23283297E-07
   -0.41725072E+01    0.23297361E-07
   -0.41349150E+01    0.23280281E-07
   -0.40973227E+01    0.23280427E-07
   -0.40597305E+01    0.23280502E-07
   -0.40221382E+01    0.18664643E-07
   -0.39845460E+01    0.18665632E-07
   -0.39469538E+01    0.18666757E-07
   -0.39093615E+01    0.18664903E-07
   -0.38717693E+01    0.18672347E-07
   -0.38341770E+01    0.18491646E-07
   -0.37965848E+01    0.18491384E-07
   -0.37589925E+01    0.18164011E-07
   -0.37214003E+01    0.18163982E-07
   -0.36838081E+01    0.18163993E-07
   -0.36462158E+01    0.18131850E-07
   -0.36086236E+01    0.18133266E-07
   -0.35710313E+01    0.16037982E-07
   -0.35334391E+01    0.16037127E-07
   -0.34958468E+01    0.16036313E-07
   -0.34582546E+01    0.16036572E-07
   -0.34206624E+01    0.16036269E-07
   -0.33830701E+01    0.16036294E-07
   -0.33454779E+01    0.16036277E-07
   -0.33078856E+01    0.16036338E-07
   -0.32702934E+01    0.16036660E-07
   -0.32327011E+01    0.16036634E-07
   -0.31951089E+01    0.16037040E-07
   -0.31575167E+01    0.16036592E-07
   -0.31199244E+01    0.18183196E-07
   -0.30823322E+01    0.18183165E-07
   -0.30447399E+01    0.18183276E-07
   -0.30071477E+01    0.18183169E-07
   -0.29695554E+01    0.18183153E-07
   -0.29319632E+01    0.18183127E-07
   -0.28943710E+01    0.18183113E-07
   -0.28567787E+01    0.18183477E-07
   -0.28191865E+01    0.18183478E-07
   -0.27815942E+01    0.18183460E-07
   -0.27440020E+01    0.18182726E-07
   -0.27064097E+01    0.18182870E-07
   -0.26688175E+01    0.18183055E-07
   -0.26312253E+01    0.18183065E-07
   -0.25936330E+01    0.18062277E-07
   -0.25560408E+01    0.18062278E-07
   -0.25184485E+01    0.18062418E-07
   -0.24808563E+01    0.18062418E-07
   -0.24432640E+01    0.18062418E-07
   -0.24056718E+01    0.18062427E-07
   -0.23680796E+01    0.18062427E-07
   -0.23304873E+01    0.18062427E-07
   -0.22928951E+01    0.18062427E-07
   -0.22553028E+01    0.18062427E-07
   -0.22177106E+01    0.18062436E-07
   -0.21801184E+01    0.18062435E-07
   -0.21425261E+01    0.18062447E-07
   -0.21049339E+01    0.18062447E-07
   -0.20673416E+01    0.18062447E-07
   -0.20297494E+01    0.18062460E-07
   -0.19921571E+01    0.18062460E-07
   -0.19545649E+01    0.18062460E-07
   -0.19169727E+01    0.18062460E-07
   -0.18793804E+01    0.18062460E-07
   -0.18417882E+01    0.18062460E-07
   -0.18041959E+01    0.18062460E-07
   -0.17666037E+01    0.18062460E-07
   -0.17290114E+01    0.18062466E-07
   -0.16914192E+01    0.18062465E-07
   -0.16538270E+01    0.18062465E-07
   -0.16162347E+01    0.18062465E-07
   -0.15786425E+01    0.18062465E-07
   -0.15410502E+01    0.18062465E-07
   -0.15034580E+01    0.18062465E-07
   -0.14658657E+01    0.18062465E-07
   -0.14282735E+01    0.18062465E-07
   -0.13906813E+01    0.18062465E-07
   -0.13530890E+01    0.18062465E-07
   -0.13154968E+01    0.18062465E-07
   -0.12779045E+01    0.18062465E-07
   -0.12403123E+01    0.18062464E-07
   -0.12027200E+01    0.18062464E-07
   -0.11651278E+01    0.18062464E-07
   -0.11275356E+01    0.18062464E-07
   -0.10899433E+01    0.18062464E-07
   -0.10523511E+01    0.18062464E-07
   -0.10147588E+01    0.18062459E-07
   -0.97716659E+00    0.18062459E-07
   -0.93957434E+00    0.18062459E-07
   -0.90198210E+00    0.18062459E-07
   -0.86438986E+00    0.18062459E-07
   -0.82679761E+00    0.18062459E-07
   -0.78920537E+00    0.18062459E-07
   -0.75161313E+00    0.18062459E-07
   -0.71402089E+00    0.18062459E-07
   -0.67642864E+00    0.18062459E-07
   -0.63883640E+00    0.18062459E-07
   -0.60124416E+00    0.18062459E-07
   -0.56365192E+00    0.18062459E-07
   -0.52605967E+00    0.18062459E-07
   -0.48846743E+00    0.18062459E-07
   -0.45087519E+00    0.18062459E-07
   -0.41328295E+00    0.18062459E-07
   -0.37569070E+00    0.18062459E-07
   -0.33809846E+00    0.18062459E-07
   -0.30050622E+00    0.18062459E-07
   -0.26291397E+00    0.18062459E-07
   -0.22532173E+00    0.18062459E-07
   -0.18772949E+00    0.18062459E-07
   -0.15013725E+00    0.18062459E-07
   -0.11254500E+00    0.18062459E-07
   -0.74952761E-01    0.18062459E-07
   -0.37360518E-01    0.18062459E-07
    0.23172427E-03    0.18062459E-07
    0.37823967E-01    0.18062459E-07
    0.75416210E-01    0.18062459E-07
    0.11300845E+00    0.18062459E-07
    0.15060069E+00    0.18062459E-07
    0.18819294E+00    0.18062459E-07
    0.22578518E+00    0.18062459E-07
    0.26337742E+00    0.18062459E-07
    0.30096967E+00    0.18062459E-07
    0.33856191E+00    0.18062459E-07
    0.37615415E+00    0.18062459E-07
    0.41374639E+00    0.18062459E-07
    0.45133864E+00    0.18062459E-07
    0.48893088E+00    0.18062459E-07
    0.52652312E+00    0.18062459E-07
    0.56411536E+00    0.18062459E-07
    0.60170761E+00    0.18062459E-07
    0.63929985E+00    0.18062459E-07
    0.67689209E+00    0.18062459E-07
    0.71448434E+00    0.18062459E-07
    0.75207658E+00    0.18062459E-07
    0.78966882E+00    0.18062459E-07
    0.82726106E+00    0.18062459E-07
    0.86485331E+00    0.18062459E-07
    0.90244555E+00    0.18062459E-07
    0.94003779E+00    0.18062459E-07
    0.97763003E+00    0.18062459E-07
    0.10152223E+01    0.18062459E-07
    0.10528145E+01    0.18062459E-07
    0.10904068E+01    0.18062459E-07
    0.11279990E+01    0.18062459E-07
    0.11655912E+01    0.18062459E-07
    0.12031835E+01    0.18062459E-07
    0.12407757E+01    0.18062459E-07
    0.12783680E+01    0.18062459E-07
    0.13159602E+01    0.18062459E-07
    0.13535525E+01    0.18062459E-07
    0.13911447E+01    0.18062459E-07
    0.14287369E+01    0.18062459E-07
    0.14663292E+01    0.18062459E-07
    0.15039214E+01    0.18062459E-07
    0.15415137E+01    0.18062459E-07
    0.15791059E+01    0.18062459E-07
    0.16166982E+01    0.18062459E-07
    0.16542904E+01    0.18062459E-07
    0.16918826E+01    0.18062459E-07
    0.17294749E+01    0.18062459E-07
    0.17670671E+01    0.18062459E-07
    0.18046594E+01    0.18062459E-07
    0.18422516E+01    0.18062459E-07
    0.18798439E+01    0.18062459E-07
    0.19174361E+01    0.18062459E-07
    0.19550283E+01    0.18062459E-07
    0.19926206E+01    0.18062459E-07
    0.20302128E+01    0.18062459E-07
    0.20678051E+01    0.18062459E-07
    0.21053973E+01    0.18062459E-07
    0.21429896E+01    0.18062459E-07
    0.21805818E+01    0.18062459E-07
    0.22181740E+01    0.18062459E-07
    0.22557663E+01    0.18062459E-07
    0.22933585E+01    0.18062459E-07
    0.23309508E+01    0.18062459E-07
    0.23685430E+01    0.18062459E-07
    0.24061353E+01    0.18062459E-07
    0.24437275E+01    0.18062459E-07
    0.24813197E+01    0.18062459E-07
    0.25189120E+01    0.18062459E-07
    0.25565042E+01    0.18062459E-07
    0.25940965E+01    0.18062459E-07
    0.26316887E+01    0.18062459E-07
    0.26692810E+01    0.18062459E-07
