   1.0198039163621364E-006
   1.0198039163621364E-006
   1.0644685305004172E-006
   1.1128321396652001E-006
   1.1638496666083888E-006
   1.2173197156096988E-006
   1.2731660411180856E-006
   1.3312945721446142E-006
   1.3915239987943392E-006
   1.4538685949080350E-006
   1.5180780663888400E-006
   1.5839364938929418E-006
   1.6513365879424527E-006
   1.7202770237204206E-006
   1.7906471309002627E-006
   1.8621761132497155E-006
   1.9348188021555063E-006
   2.0084021717306651E-006
   2.0827292906114165E-006
   2.1576777331331177E-006
   2.2330550789794997E-006
   2.3087498986561960E-006
   2.3844057872438878E-006
   2.4600784181227112E-006
   2.5356198133046838E-006
   2.6107061726438901E-006
   2.6852658305472153E-006
   2.7592980230709845E-006
   2.8326079257786503E-006
   2.9050271032300710E-006
   2.9762313736403075E-006
   3.0460825716783306E-006
   3.1145902034858229E-006
   3.1816113068664100E-006
   3.2467849935741368E-006
   3.3099727218513805E-006
   3.3711596336469617E-006
   3.4300178790757221E-006
   3.4864609341283153E-006
   3.5404866823571464E-006
   3.5920495199576430E-006
   3.6410444098634595E-006
   3.6875031920460693E-006
   3.7314564337837465E-006
   3.7728865737574679E-006
   3.8118318577744324E-006
   3.8483691752450305E-006
   3.8824383047134926E-006
   3.9141885504292813E-006
   3.9437674989975582E-006
   3.9711254541546532E-006
   3.9964753761613041E-006
   4.0197484157660293E-006
   4.0412492171491096E-006
   4.0609216192378190E-006
   4.0788409360645076E-006
   4.0951071603275609E-006
   4.1099167124470867E-006
   4.1230660439023757E-006
   4.1350925025610955E-006
   4.1461505349061157E-006
   4.1565407876045763E-006
   4.1664230200143281E-006
   4.1758978595649948E-006
   4.1850440953684103E-006
   4.1940563357117524E-006
   4.2029521263601012E-006
   4.2117266176641968E-006
   4.2204099898481231E-006
   4.2289869714927571E-006
   4.2375067274616813E-006
   4.2459985661936289E-006
   4.2545047966913590E-006
   4.2629322987245134E-006
   4.2713217389995268E-006
   4.2797410565617215E-006
   4.2880624424326462E-006
   4.2963858880088639E-006
   4.3046835905790118E-006
   4.3129232257290621E-006
   4.3211363979094320E-006
   4.3293521281464406E-006
   4.3375385678358515E-006
   4.3456591008645581E-006
   4.3537915293726926E-006
   4.3618143362682119E-006
   4.3698963555330064E-006
   4.3779861796919846E-006
   4.3860291729969599E-006
   4.3940443140302105E-006
   4.4020567428234852E-006
   4.4100143088517398E-006
   4.4180248218460225E-006
   4.4259363057141082E-006
   4.4338433309525657E-006
   4.4417656053345399E-006
   4.4496860314430539E-006
   4.4576943435984017E-006
   4.4655923751450485E-006
   4.4735456992850311E-006
   4.4814773347446321E-006
   4.4894405088170511E-006
   4.4973945744227960E-006
   4.5054042818343536E-006
   4.5134154381292642E-006
   4.5214560232756703E-006
   4.5294248736220526E-006
   4.5374935445369906E-006
   4.5455628772312672E-006
   4.5536703713342175E-006
   4.5617844401163827E-006
   4.5699873496451935E-006
   4.5781463128035358E-006
   4.5863919894644141E-006
   4.5947064504595269E-006
   4.6030416721050018E-006
   4.6114664465689150E-006
   4.6199611616239319E-006
   4.6284918906275759E-006
   4.6370733450176676E-006
   4.6457261842485148E-006
   4.6544652877266518E-006
   4.6633342656492906E-006
   4.6722104485976390E-006
   4.6812085437060616E-006
   4.6902125775727152E-006
   4.6994460387216219E-006
   4.7087185848069259E-006
   4.7180748379181904E-006
   4.7275527639689609E-006
   4.7371695061312904E-006
   4.7469243379485032E-006
   4.7568160086779173E-006
   4.7669122230782049E-006
   4.7771579301612872E-006
   4.7875794548430721E-006
   4.7981612644902459E-006
   4.8089526732955931E-006
   4.8198866134724757E-006
   4.8310484615682036E-006
   4.8424144633605871E-006
   4.8539962319862233E-006
   4.8658342974975085E-006
   4.8778378361687406E-006
   4.8901355676328428E-006
   4.9027338614330824E-006
   4.9155945849925649E-006
   4.9288282248663690E-006
   4.9423598302784041E-006
   4.9562589701618836E-006
   4.9704207914468696E-006
   4.9849032030395270E-006
   4.9997371042697754E-006
   5.0148780784410919E-006
   5.0304247611348168E-006
   5.0462998809418946E-006
   5.0626282384360921E-006
   5.0793958442164235E-006
   5.0964453486519839E-006
   5.1138561664668616E-006
   5.1316648227733394E-006
   5.1498949741501809E-006
   5.1685288956490145E-006
   5.1873996744500997E-006
   5.2066742494495557E-006
   5.2263699357285232E-006
   5.2464032296642577E-006
   5.2668837792941111E-006
   5.2878351874645462E-006
   5.3089250965440743E-006
   5.3303327574827679E-006
   5.3521095704038676E-006
   5.3741713999174191E-006
   5.3967827616681347E-006
   5.4195370330666805E-006
   5.4424650319573394E-006
   5.4658758595968485E-006
   5.4895801738023874E-006
   5.5135824594395991E-006
   5.5377926666821182E-006
   5.5624096575748017E-006
   5.5872203454791497E-006
   5.6124152181888500E-006
   5.6379091730321601E-006
   5.6637019480788244E-006
   5.6898739397600020E-006
   5.7163896623866705E-006
   5.7433710865634856E-006
   5.7706348776798723E-006
   5.7981445515295683E-006
   5.8261673540002433E-006
   5.8549948034215452E-006
   5.8843530810767322E-006
   5.9141938828720480E-006
   5.9446765574973333E-006
   5.9758874347448543E-006
   6.0079497525537611E-006
   6.0408270825133820E-006
   6.0742203369445428E-006
   6.1087995717887809E-006
   6.1445618553364955E-006
   6.1815580840581643E-006
   6.2201654776054975E-006
   6.2599653098316538E-006
   6.3010951551688323E-006
   6.3445045097088617E-006
   6.3896865652711415E-006
   6.4368007311947652E-006
   6.4860535696118026E-006
   6.5373766898915334E-006
   6.5907868381096590E-006
   6.6471124693024302E-006
   6.7060746371642120E-006
   6.7674778579013198E-006
   6.8319664281925176E-006
   6.8986053492210469E-006
   6.9682993752380745E-006
   7.0400577633758674E-006
   7.1151986933911864E-006
   7.1926505669915200E-006
   7.2734904563830791E-006
   7.3561117596195035E-006
   7.4412148985854544E-006
   7.5290741337440351E-006
   7.6190124295455531E-006
   7.7117037854580558E-006
   7.8068198676404235E-006
   7.9025750998426613E-006
   8.0007646023967670E-006
   8.1005450882066158E-006
   8.2025189559290809E-006
   8.3050869410146844E-006
   8.4096983535401762E-006
   8.5152368745599980E-006
   8.6224759814819847E-006
   8.7314150736469840E-006
   8.8426778781951399E-006
   8.9546768085656034E-006
   9.0679406409817858E-006
   9.1834839531537813E-006
   9.2985070900254026E-006
   9.4173647343189138E-006
   9.5369183328198001E-006
   9.6594858059873402E-006
   9.7847862280279118E-006
   9.8519735076544206E-006
   9.8586228368449139E-006
   9.8595486387291537E-006
   9.8597013824204959E-006
   1.0078735276523167E-005
   1.0292654689575572E-005
   1.0501764405665498E-005
   1.0699935201827949E-005
   1.0891118272801883E-005
   1.1070491440338025E-005
   1.1234509791870176E-005
   1.1385982069600021E-005
   1.1524060230335366E-005
   1.1649540922782913E-005
   1.1762132060931140E-005
   1.1865041427606638E-005
   1.1956700343446317E-005
   1.2039257960244746E-005
   1.2111110514371173E-005
   1.2179337327609581E-005
   1.2242584562965952E-005
   1.2300237114824451E-005
   1.2354006350707238E-005
   1.2404172660780305E-005
   1.2448724522102575E-005
   1.2489068167588624E-005
   1.2524449625963356E-005
   1.2557150276397792E-005
   1.2586908553282455E-005
   1.2612954037358061E-005
   1.2637063801498630E-005
   1.2659392696088109E-005
   1.2679099031229191E-005
   1.2697277555189402E-005
   1.2714571450936129E-005
   1.2729534624290782E-005
   1.2744235983317967E-005
   1.2756797368452681E-005
   1.2769633434439076E-005
   1.2779240641054486E-005
   1.2789175783519414E-005
   1.2798491069976754E-005
   1.2806433822002080E-005
   1.2813808154004172E-005
   1.2820938503966792E-005
   1.2827731744037421E-005
   1.2833939518536097E-005
   1.2839513184406888E-005
   1.2844635462550022E-005
   1.2848624952898723E-005
   1.2853400663511140E-005
   1.2857003254199945E-005
   1.2860667587814043E-005
   1.2863797333879634E-005
   1.2866680080268722E-005
   1.4264568515974885E-005
   1.4264568515974885E-005
   1.4264568515974885E-005
   1.4264568515974885E-005
   1.4264568515974885E-005
   1.4264568515974885E-005
   1.4264568515974885E-005
   1.4264568515974885E-005
   1.4264568515974885E-005
   1.4264568515974885E-005
   1.4264568515974885E-005
   1.4264568515974885E-005
   1.4264568515974885E-005
   1.4264568515974885E-005
   1.4264568515974885E-005
   1.4264568515974885E-005
   1.4264568515974885E-005
   1.4264568515974885E-005
   1.4264568515974885E-005
   1.4264568515974885E-005
   1.4264568515974885E-005
   1.4264568515974885E-005
   1.4264568515974885E-005
   1.4264568515974885E-005
   1.4264568515974885E-005
   1.4264568515974885E-005
   1.4264568515974885E-005
   1.4264568515974885E-005
   1.4264568515974885E-005
   1.4264568515974885E-005
   1.4264568515974885E-005
   1.4264568515974885E-005
   1.4264568515974885E-005
   1.4264568515974885E-005
   1.4264568515974885E-005
   1.4264568515974885E-005
   1.4264568515974885E-005
   1.4264568515974885E-005
   1.4264568515974885E-005
   1.4264568515974885E-005
   1.4264568515974885E-005
