  -6.1655870952790639E+019
  -6.1655870952790641E+018
  -5.6503264958245765E+018
  -5.1781264324143350E+018
  -4.7453883186895503E+018
  -4.3488143036043525E+018
  -3.9853821388544348E+018
  -3.6523221466448210E+018
  -3.3470961122705659E+018
  -3.0673779406530007E+018
  -2.8110359294170373E+018
  -2.5761165234145556E+018
  -2.3608294268888166E+018
  -2.1635339598213020E+018
  -1.9827265544841452E+018
  -1.8170292969107215E+018
  -1.6651794259601585E+018
  -1.5260197099492575E+018
  -1.3984896275131697E+018
  -1.2816172854850982E+018
  -1.1745120122020524E+018
  -1.0763575697910278E+018
  -9.8640593370716570E+017
  -9.0397159211841638E+017
  -8.2842632169292736E+017
  -7.5919439997598131E+017
  -6.9574821787052698E+017
  -6.3760425878448102E+017
  -5.8431941380230899E+017
  -5.3548760479920454E+017
  -4.9073668976297843E+017
  -4.4972562673944365E+017
  -4.1214187478802899E+017
  -3.7769901214058086E+017
  -3.4613455341159174E+017
  -3.1720794922505312E+017
  -2.9069875301329619E+017
  -2.6640494101719402E+017
  -2.4414137268462413E+017
  -2.2373837973405136E+017
  -2.0504047313063731E+017
  -1.8790515812087638E+017
  -1.7220184829526589E+017
  -1.5781087040319651E+017
  -1.4462255233586320E+017
  -1.3253638732681278E+017
  -1.2146026800058750E+017
  -1.1130978443223355E+017
  -1.0200758086825869E+017
  -93482766206679088.     
  -85670373743486192.     
  -78510866068319600.     
  -71949681336207360.     
  -65936817457560696.     
  -60426451037578096.     
  -55376588161037152.     
  -50748744361142056.     
  -46507651333503776.     
  -42620988160150816.     
  -39059134995258024.     
  -35794947335458300.     
  -32803549154475304.     
  -30062143325578360.     
  -27549837887109308.     
  -25247486827069120.     
  -23137544173401020.     
  -21203930278007388.     
  -19431909275465244.     
  -17807976782566408.     
  -16319756982852194.     
  -14955908311835186.     
  -13706037024144984.     
  -12560617983902446.     
  -11510922074674276.     
  -10548949675807026.     
  -9667369698170604.0     
  -8859463714709331.0     
  -8119074760025399.0     
  -7440560408801701.0     
  -6818749775479854.0     
  -6248904107492437.0     
  -5726680671734707.0     
  -5248099659058429.0     
  -4809513854570504.0     
  -4407580842596972.0     
  -4039237534489371.0     
  -3701676825152597.5     
  -3392326200396139.0     
  -3108828132077608.0     
  -2849022111631995.0     
  -2610928185066167.5     
  -2392731863940495.5     
  -2192770297345834.0     
  -2009519599493958.5     
  -1841583236346381.8     
  -1687681382777282.0     
  -1546641169162614.0     
  -1417387743065703.8     
  -1298936077901379.2     
  -1190383466153342.2     
  -1090902639936399.6     
  -999735466476064.38     
  -916187170459486.50     
  -839621039226837.38     
  -769453570451986.12     
  -705150025333459.12     
  -646220353407022.88     
  -592215457923323.25     
  -542723773329421.06     
  -497368128771575.25     
  -455802873716362.56     
  -417711243784802.81     
  -382802946724781.31     
  -350811950124736.19     
  -321494454009001.31     
  -294627032864174.69     
  -270004932937092.19     
  -247440511828296.28     
  -226761808489307.56     
  -207811232725801.03     
  -190444364219530.16     
  -174528851916473.12     
  -159943405393555.03     
  -146576870517261.12     
  -134327382349830.06     
  -123101588847420.25     
  -112813939434132.62     
  -103386033030189.05     
  -94746020565659.031     
  -86828057426354.938     
  -79571801659044.719     
  -72921954111857.125     
  -66827837005338.922     
  -61243007722498.391     
  -56124904874571.305     
  -51434523945212.500     
  -47136120041234.109     
  -43196935484583.930     
  -39586950169572.156     
  -36278652782845.289     
  -33246831142599.047     
  -30468380059227.836     
  -27922125253137.176     
  -25588661987815.559     
  -23450207188405.523     
  -21490463918785.387     
  -19694497184355.988     
  -18048620114038.379     
  -16540289654088.109     
  -15158010978819.385     
  -13891249889763.574     
  -12730352535665.326     
  -11666471841511.113     
  -10691500085913.211     
  -9798007113029.3516     
  -8979183708136.6504     
  -8228789705332.1250     
  -7541106431893.1826     
  -6910893126882.4561     
  -6333347001867.0527     
  -5804066639379.9277     
  -5319018450186.2959     
  -4874505933730.0732     
  -4467141507497.0371     
  -4093820690609.4771     
  -3751698444908.3784     
  -3438167493220.7207     
  -3150838449578.1011     
  -2887521609960.8350     
  -2646210264797.0635     
  -2425065406042.9019     
  -2222401712298.1899     
  -2036674705151.6577     
  -1866468978875.6021     
  -1710487413769.6594     
  -1567541290949.7966     
  -1436541233248.4170     
  -1316488903187.0286     
  -1206469394752.7527     
  -1105644260997.0730     
  -1013245124321.0270     
  -928567820751.38770     
  -850967033582.09326     
  -779851375484.38269     
  -714678881607.01001     
  -654952879319.85425     
  -600218203124.75281     
  -550057725887.74243     
  -504089179957.62189     
  -461962243944.93317     
  -423355872959.97571     
  -387975851963.92847     
  -355552553587.38452     
  -325838883328.91345     
  -298608396474.19165     
  -273653572384.97510     
  -250784233006.42496     
  -229826093540.42532     
  -210619434239.70859     
  -193017883200.68192     
  -176887300878.75357     
  -162104757825.15506     
  -148557597854.71725     
  -136142579505.08566     
  -124765089244.54230     
  -114338420432.36057     
  -104783112536.74001     
  -96026345574.559128     
  -88001385158.047104     
  -80647073919.125671     
  -73907365435.624176     
  -67730897107.471031     
  -62070598727.790672     
  -56883333765.875114     
  -52129570628.279160     
  -47773081392.761200     
  -43780665719.147499     
  -40121897833.079216     
  -36768894654.427551     
  -33696103303.312592     
  -30880106364.328629     
  -28299443424.916794     
  -25934447527.848743     
  -23767095291.440887     
  -21780869555.284084     
  -19960633504.723866     
  -18292515314.809681     
  -16763802434.594864     
  -15362844706.141132     
  -14078965579.906147     
  -12902380749.897665     
  -11824123588.519993     
  -10835976812.860977     
  -9930409861.6545467     
  -9100521505.6757946     
  -8339987254.2087584     
  -7643011156.7764750     
  -7004281632.8203030     
  -6418930992.7103777     
  -5882498341.6018820     
  -5390895583.4306965     
  -4940376265.9691238     
  -4527507029.5126095     
  -4149141441.6114430     
  -3802396018.4443464     
  -3484628250.0955415     
  -3193416462.2683883     
  -2926541360.9635735     
  -2681969119.4761362     
  -2457835878.8188376     
  -2252433543.4515195     
  -2064196764.0669749     
  -1891691008.2307572     
  -1733601627.9623337     
  -1588723840.9429727     
  -1455953548.9980745     
  -1334278923.8826392     
  -1222772696.2460756     
  -1120585089.0112736     
  -1026937341.3140910     
  -941115773.64977860     
  -862466348.99755859     
  -790389688.47417057     
  -724336503.53130078     
  -663803409.88607693     
  -608329091.28311241     
  -557490783.85248041     
  -510901054.27131325     
  -468204847.17575085     
  -429076779.32183981     
  -393218659.87452036     
  -360357217.92704141     
  -330242019.93251348     
  -302643561.17652887     
  -277351516.74620062     
  -254173138.66640928     
  -232931786.98803315     
  -213465583.63371521     
  -195626178.74229288     
  -179277620.11031389     
  -164295317.11478150     
  -150565091.22129837     
  -137982305.84162068     
  -126451068.90937413     
  -115883502.09683254     
  -106199071.10355085     
  -97323971.913041502     
  -89190568.340233013     
  -81736876.583309501     
  -74906092.851764813     
  -68646160.470768064     
  -62909373.162792087     
  -57652011.483158134     
  -52834009.638805807     
  -48418650.151155487     
  -44372284.036116019     
  -40664074.368764184     
  -37265761.278425261     
  -34151446.583211340     
  -31297396.422736369     
   0.0000000000000000     
   312973964.22736371     
   354013575.58567983     
   400434624.03765178     
   452942766.00239432     
   512336189.12686568     
   579517745.70929337     
   655508677.15264916     
   741464138.07656634     
   838690756.07308877     
   948666494.03590345     
   1073063116.9946314     
   1213771604.9773924     
   1372930898.2080739     
   1552960411.6002836     
   1756596812.8078511     
   1986935622.9029949     
   2247478272.0630851     
   2542185325.5696931     
   2875536689.2198744     
   3252599709.3451910     
   3679106202.6416321     
   4161539586.7575545     
   4707233436.1306200     
   5324482961.2423363     
   6022671105.9105587     
   6812411179.4521742     
   7705708191.8984289     
   8716141344.7544556     
   9859070451.3845940     
   11151869424.864534     
   12614190382.599695     
   14268262382.421459     
   16139229331.313311     
   18255532203.390759     
   20649341377.313339     
   23357045665.183449     
   26419805466.766209     
   29884178457.647739     
   33802827322.552895     
   38235320292.230247     
   43249036653.038872     
   48920190994.084534     
   55334991761.707909     
   62590951732.762802     
   70798370327.472687     
   80082010294.824265     
   90582994258.157120     
   102460949950.74864     
   115896436751.58636     
   131093690407.62358     
   148283727665.63620     
   167727858007.86237     
   189721655874.08011     
   214599453752.73090     
   242739424441.54193     
   274569329734.19196     
   310573022920.05280     
   351297803942.91492     
   397362739026.05707     
   449468071232.08844     
   508405865009.51764     
   575072046536.11145     
   650480022886.91248     
   735776087054.83875     
   832256842998.92395     
   941388915602.13342     
   1064831245154.0955     
   1204460305262.0134     
   1362398627532.6875     
   1541047066635.5232     
   1743121296214.7305     
   1971693090433.0120     
   2230237018676.3994     
   2522683263236.5933     
   2853477362863.8325     
   3227647790364.9893     
   3650882391508.6123     
   4129614847201.2739     
   4671122473265.5078     
   5283636844494.9609     
   5976468924606.9922     
   6760150604220.2637     
   7646594798406.7812     
   8649276537495.9863     
   9783437803931.4590     
   11066319228949.689     
   12517422171152.344     
   14158805160885.223     
   16015419216739.189     
   18115487131391.684     
   20490932492395.582     
   23177864959552.805     
   26217129175679.617     
   29654925654875.031     
   33543513086549.398     
   37942002731089.031     
   42917256982937.500     
   48544905760345.742     
   54910496172151.898     
   62110792937924.828     
   70255249329439.633     
   79467670993585.578     
   89888097948838.812     
   101674933363936.45     
   115007351478777.89     
   130088021270880.83     
   147146187270436.31     
   166441154356100.12     
   188266229504656.62     
   212953180413946.12     
   240877278775549.12     
   272463004861108.94     
   308190500138945.44     
   348602866008584.69     
   394314419602845.69     
   446020032155731.31     
   504505691890664.94     
   570660451997835.00     
   645489945324438.38     
   730131671217558.50     
   825872286898288.00     
   934167166217026.38     
   1056662523106825.8     
   1195220436038199.2     
   1351947153877549.2     
   1529225113432707.5     
   1729749155391237.0     
   1956567489177819.0     
   2213128029446406.5     
   2503330808578203.5     
   2831587261919207.5     
   3202887286965069.0     
   3622875095874464.0     
   4097935014361482.0     
   4635288531214584.0     
   5243104073712909.0     
   5930621177659821.0     
   6708290939569295.0     
   7587934886049274.0     
   8582924675389854.0     
   9708385363039298.0     
   10981425320850146.     
   12421396305147948.     
   14050187626973578.     
   15892558896244812.     
   17976516397953228.     
   20333738821772644.     
   23000058816687072.     
   26016007690854548.     
   29427431536807432.     
   33286188147841988.     
   37650935319574264.     
   42588022519805112.     
   48172499481161256.     
   54489257048347712.     
   61634317622277912.     
   69716294817402520.     
   78858044520804320.     
   89198532451166304.     
   1.0089494660678173E+017
   1.1412508671438610E+017
   1.2909006700134069E+017
   1.4601737337659354E+017
   1.6516432149328803E+017
   1.8682196825977866E+017
   2.1131953625878042E+017
   2.3902941833120646E+017
   2.7037283840045770E+017
   3.0582625458858118E+017
   3.4592860195945382E+017
   3.9128948498750080E+017
   4.4259844428744090E+017
   5.0063543847062598E+017
   5.6628270046494592E+017
   6.4053814852878592E+017
   7.2453055582277043E+017
   8.1953670913522394E+017
   9.2700081759489600E+017
   1.0485564664069437E+018
   1.1860514493357117E+018
   1.3415758574182464E+018
   1.5174938508911706E+018
   1.7164795973028623E+018
   1.9415579221139761E+018
   2.1961502897248878E+018
   2.4841268138976374E+018
   2.8098650881940582E+018
   3.1783167307243366E+018
   3.5950826547671532E+018
   4.0664982094664074E+018
   4.5997294848467205E+018
   5.2028822451011226E+018
   5.8851251460694477E+018
   6.6568291099630254E+018
   7.5297249760010803E+018
   8.5170818234403174E+018
   9.6339086777247314E+018
   1.0897182665934526E+019
   1.2326107089774608E+019
   1.3942403339126032E+019
   1.5770641083601629E+019
   1.7838611761419170E+019
   2.0177751043077415E+019
   2.2823616691796939E+019
   2.5816429084785852E+019
   2.9201682611911373E+019
   3.3030837245780947E+019
   3.7362100795939611E+019
   4.2261313738399236E+019
   4.7802950070985040E+019
   5.4071249408718553E+019
   6.1161497528464146E+019
   6.9181474828676022E+019
   7.8253094722596127E+019
   8.8514256870473155E+019
   1.0012094342218721E+020
   1.1324959013571876E+020
   1.2809976841534746E+020
   1.4489721903982505E+020
   1.6389728369688163E+020
   1.8538878648756522E+020
   2.0969842440400352E+020
   2.3719573352119144E+020
   2.6829870639496289E+020
   3.0348014605743030E+020
   3.4327485319835569E+020
   3.8828775578634617E+020
   4.3920310471002882E+020
   4.9679487522411263E+020
   5.6193853231499261E+020
   6.3562433883376229E+020
   7.1897240869644875E+020
   8.1324973397843103E+020
   9.1988944473559414E+020
   1.0405125943249340E+021
   1.1769528013879948E+021
   1.3312841230852699E+021
   1.5058525832886419E+021
   1.7033118349987527E+021
   1.9266634990994349E+021
   2.1793027926473583E+021
   2.4650701403024093E+021
   2.7883095534553441E+021
   3.1539346644864886E+021
   3.5675034199565633E+021
   4.0353025681570204E+021
   4.5644432253334480E+021
   5.1629689733049326E+021
   5.8399781316947073E+021
   6.6057620634587701E+021
   7.4719616161247983E+021
   8.4517440768385284E+021
   9.5600033311496172E+021
   1.0813586268194081E+022
   1.2231548873907557E+022
   1.3835445905197824E+022
   1.5649658548476480E+022
   1.7701765043358110E+022
   2.0022959905458165E+022
   2.2648528120986120E+022
   2.5618381521468745E+022
   2.8977665492151892E+022
   3.2777445236786722E+022
   3.7075482030860105E+022
   4.1937111263262877E+022
   4.7436235613697561E+022
   5.3656448463330674E+022
   6.0692304615898402E+022
   6.8650757645772612E+022
   7.7652785722426678E+022
   8.7835230625811264E+022
   9.9352877907911268E+022
   1.1238080982147080E+023
   1.2711706678326556E+023
   1.4378565782940287E+023
   1.6263996582523327E+023
   1.8396659919320407E+023
   2.0808974870961393E+023
   2.3537611559886828E+023
   2.6624048583827326E+023
   3.0115203540958002E+023
   3.4064146234477568E+023
   3.8530905398189429E+023
   4.3583381206295275E+023
   4.9298377438660194E+023
   5.5762768991717385E+023
   6.3074822482598644E+023
   7.1345690021280342E+023
   8.0701098857898947E+023
   9.1283262589931381E+023
   1.0325304298191442E+024
   1.1679239525999375E+024
   1.3210713405275469E+024
   1.4943006202400094E+024
   1.6902450875650615E+024
   1.9118833368207747E+024
   2.1625845390733839E+024
   2.4461596576369207E+024
   2.7669193793525637E+024
   3.1297396422736366E+024
