   2.8284271451965657E-007
   2.8284271451965657E-007
   2.9258599986209213E-007
   3.0712562695982400E-007
   3.2962494894423624E-007
   3.6432141030467045E-007
   4.1550519572241400E-007
   4.8572772900597430E-007
   5.7481108890228213E-007
   6.8062630041226322E-007
   8.0035752566469563E-007
   9.3136252523788010E-007
   1.0714658851295046E-006
   1.2191209618420882E-006
   1.3728517541081296E-006
   1.5313737849557946E-006
   1.6907360570606342E-006
   1.8517794631882992E-006
   2.0148985480998459E-006
   2.1797729744931018E-006
   2.3463197996783097E-006
   2.5137312317506877E-006
   2.6811560856350177E-006
   2.8464313285228651E-006
   3.0086213911300103E-006
   3.1650458595297604E-006
   3.3133585293408991E-006
   3.4510250785887940E-006
   3.5766819832305251E-006
   3.6885095012137030E-006
   3.7857468364232591E-006
   3.8678158172943606E-006
   3.9352891635475966E-006
   3.9890175813098772E-006
   4.0315288277654246E-006
   4.0656292316386488E-006
   4.0924539886934944E-006
   4.1129547291421108E-006
   4.1281577789292490E-006
   4.1383806312452023E-006
   4.1483853207415969E-006
   4.1572184550007881E-006
   4.1656069588527509E-006
   4.1740557685163014E-006
   4.1825200655497613E-006
   4.1913650250701003E-006
   4.2006528483811313E-006
   4.2104175280382618E-006
   4.2206252845945101E-006
   4.2314353986880522E-006
   4.2427350370019693E-006
   4.2544189592417103E-006
   4.2665971983141427E-006
   4.2791581584535426E-006
   4.2920024645817213E-006
   4.3053174764262045E-006
   4.3188167772217187E-006
   4.3326623078718584E-006
   4.3468933436707416E-006
   4.3613324729419829E-006
   4.3759255891384605E-006
   4.3908155845849484E-006
   4.4058902045904151E-006
   4.4211801367369780E-006
   4.4366480568570896E-006
   4.4521271363791424E-006
   4.4678070650990304E-006
   4.4835512796960194E-006
   4.4994112076277287E-006
   4.5153472284264976E-006
   4.5312911957097269E-006
   4.5473248723256783E-006
   4.5633158951875803E-006
   4.5794047156485248E-006
   4.5954480858915876E-006
   4.6115997663964887E-006
   4.6277714617691979E-006
   4.6439594297467036E-006
   4.6601156992816647E-006
   4.6763193008984476E-006
   4.6926405172588957E-006
   4.7089620020977596E-006
   4.7252857985676051E-006
   4.7416802293583797E-006
   4.7580553774742068E-006
   4.7744793778442274E-006
   4.7910099555735152E-006
   4.8076159846173175E-006
   4.8242963853942418E-006
   4.8410299260498659E-006
   4.8579453893181955E-006
   4.8749385197818895E-006
   4.8921301355196487E-006
   4.9093859806485294E-006
   4.9267196454830068E-006
   4.9441874883292819E-006
   4.9618273264717693E-006
   4.9797350251250774E-006
   4.9978407106652515E-006
   5.0160819645098803E-006
   5.0346040062868278E-006
   5.0532936529894961E-006
   5.0721789423482190E-006
   5.0914251785013704E-006
   5.1108111462913969E-006
   5.1305034964410926E-006
   5.1505449890666815E-006
   5.1709001685604831E-006
   5.1915291382926277E-006
   5.2124479026660235E-006
   5.2336190478190541E-006
   5.2551402494246351E-006
   5.2769500736131342E-006
   5.2992484294772991E-006
   5.3216039784859503E-006
   5.3442354833186755E-006
   5.3671045176826078E-006
   5.3903962362629449E-006
   5.4139927824182450E-006
   5.4377811917200016E-006
   5.4617554084261812E-006
   5.4859622731840767E-006
   5.5103172978965445E-006
   5.5346286080679565E-006
   5.5591679712394249E-006
   5.5838682870227122E-006
   5.6086870408697247E-006
   5.6334179828684048E-006
   5.6582455043172555E-006
   5.6830048260082865E-006
   5.7077761391639929E-006
   5.7324790943894864E-006
   5.7572274864312512E-006
   5.7818618847725041E-006
   5.8062901898314269E-006
   5.8307028532928591E-006
   5.8549604722475704E-006
   5.8790087572255008E-006
   5.9029958068494278E-006
   5.9267933499291266E-006
   5.9503031466978668E-006
   5.9736897564691578E-006
   5.9967752235737102E-006
   6.0196655763533972E-006
   6.0423605180847669E-006
   6.0648063286015662E-006
   6.0870381188275206E-006
   6.1090386025007019E-006
   6.1307575475719006E-006
   6.1522769676880554E-006
   6.1735437158342298E-006
   6.1946568573499617E-006
   6.2154293496227059E-006
   6.2360886024505913E-006
   6.2564987224683224E-006
   6.2765330609374046E-006
   6.2964247343401885E-006
   6.3161582457155580E-006
   6.3357194056484572E-006
   6.3549776283825987E-006
   6.3739973242098341E-006
   6.3928822113781064E-006
   6.4116939410165120E-006
   6.4303110093548895E-006
   6.4487733442892464E-006
   6.4670116753658913E-006
   6.4851733462350744E-006
   6.5031409685510263E-006
   6.5210060553127241E-006
   6.5387207748520151E-006
   6.5563019748382060E-006
   6.5738564304928770E-006
   6.5914215850148840E-006
   6.6087459316981006E-006
   6.6260995666119028E-006
   6.6433156682646784E-006
   6.6604369998981589E-006
   6.6775011533153125E-006
   6.6946380873703796E-006
   6.7116826279715462E-006
   6.7287658414159397E-006
   6.7458093962420833E-006
   6.7628121040245103E-006
   6.7798339624699907E-006
   6.7969226334165712E-006
   6.8141404476008381E-006
   6.8314644442217133E-006
   6.8487893943395575E-006
   6.8662852541336202E-006
   6.8837712829736558E-006
   6.9014416710766935E-006
   6.9192577068002340E-006
   6.9372367339610127E-006
   6.9553155106779337E-006
   6.9735348023885764E-006
   6.9920490570482001E-006
   7.0108515724760556E-006
   7.0299655649958275E-006
   7.0493574421444405E-006
   7.0688986545805316E-006
   7.0888636956248309E-006
   7.1093418932989426E-006
   7.1300811167074871E-006
   7.1512634136768858E-006
   7.1729808234764240E-006
   7.1952385151129885E-006
   7.2182054356432014E-006
   7.2416523122874790E-006
   7.2660280210843089E-006
   7.2911141624261405E-006
   7.3171090892734841E-006
   7.3438741030800123E-006
   7.3717717857003615E-006
   7.4009444302567147E-006
   7.4311574942758916E-006
   7.4628330422677684E-006
   7.4961424403629535E-006
   7.5309333715163854E-006
   7.5677407428436323E-006
   7.6061666232298160E-006
   7.6470131689343452E-006
   7.6899386096587922E-006
   7.7355510245807913E-006
   7.7839226895504966E-006
   7.8355444036015162E-006
   7.8895970071170740E-006
   7.9464152701191847E-006
   8.0632398956068505E-006
   8.3822273695327833E-006
   8.6785589386292033E-006
   8.9600965972243318E-006
   9.2349652972411929E-006
   9.5135566787261279E-006
   9.7889275434946309E-006
   1.0073702615995584E-005
   1.0370311301219822E-005
   1.0669903924129911E-005
   1.0980881221441812E-005
   1.1295531514518814E-005
   1.1603761836403975E-005
   1.1913622175153644E-005
   1.2209287429512328E-005
   1.2482120479639344E-005
   1.2727948862758333E-005
   1.2951336123830339E-005
   1.3129523189572446E-005
   1.3288563613945547E-005
   1.3433020186505680E-005
   1.3557059210726626E-005
   1.3664151044812352E-005
   1.3762892455168722E-005
   1.3850824260877081E-005
   1.3927470128875971E-005
   1.3995099443454724E-005
   1.4054265787870779E-005
   1.4103194606251744E-005
   1.4148530832819870E-005
   1.4186559240388003E-005
   1.4215172379241910E-005
   1.4244110692759979E-005
   1.4267801685427047E-005
   1.4287294484512800E-005
   1.4304591789966817E-005
   1.4320001508881584E-005
   1.4332968126534841E-005
   1.4345103061303904E-005
   1.4355559452867356E-005
   1.4365243952977891E-005
   1.4373176321511693E-005
   1.4380425060220826E-005
   1.4385740823809487E-005
   1.4391625143447359E-005
   1.4396641843420076E-005
   1.4400623544991131E-005
   1.4404712156138717E-005
   1.4407601413427541E-005
   1.4410215779307353E-005
   1.4412958391425950E-005
   1.4415742635397987E-005
   1.4417469279865575E-005
   1.4418882125409836E-005
   1.4419710461626360E-005
   1.4420953900572190E-005
   1.4421955983212390E-005
   1.4423159386625989E-005
   1.4423978320443315E-005
   1.4424834548153688E-005
   1.4425587887325338E-005
   1.4426590679894054E-005
   1.4427271680792156E-005
   1.4427869518186839E-005
   1.4428490043696870E-005
   1.4429043408756004E-005
   1.4429368507363974E-005
   1.4429809820845802E-005
   1.4430185107117625E-005
   1.4430615369333668E-005
   1.4431091103133719E-005
   1.4431490924586560E-005
   1.4431931605832887E-005
   1.5170172047420905E-005
   1.5170172047420905E-005
   1.5170172047420905E-005
   1.5170172047420905E-005
   1.5170172047420905E-005
   1.5170172047420905E-005
   1.5170172047420905E-005
   1.5170172047420905E-005
   1.5170172047420905E-005
   1.5170172047420905E-005
   1.5170172047420905E-005
   1.5170172047420905E-005
   1.5170172047420905E-005
   1.5170172047420905E-005
   1.5170172047420905E-005
   1.5170172047420905E-005
   1.5170172047420905E-005
   1.5170172047420905E-005
   1.5170172047420905E-005
   1.5170172047420905E-005
   1.5170172047420905E-005
   1.5170172047420905E-005
   1.5170172047420905E-005
   1.5170172047420905E-005
   1.5170172047420905E-005
   1.5170172047420905E-005
   1.5170172047420905E-005
   1.5170172047420905E-005
   1.5170172047420905E-005
   1.5170172047420905E-005
   1.5170172047420905E-005
   1.5170172047420905E-005
   1.5170172047420905E-005
   1.5170172047420905E-005
   1.5170172047420905E-005
   1.5170172047420905E-005
   1.5170172047420905E-005
   1.5170172047420905E-005
   1.5170172047420905E-005
   1.5170172047420905E-005
   1.5170172047420905E-005
   1.5170172047420905E-005
   1.5170172047420905E-005
   1.5170172047420905E-005
   1.5170172047420905E-005
   1.5170172047420905E-005
   1.5170172047420905E-005
   1.5170172047420905E-005
   1.5170172047420905E-005
   1.5170172047420905E-005
   1.5170172047420905E-005
   1.5170172047420905E-005
   1.5170172047420905E-005
   1.5170172047420905E-005
   1.5170172047420905E-005
   1.5170172047420905E-005
   1.5170172047420905E-005
   1.5170172047420905E-005
   1.5170172047420905E-005
   1.5170172047420905E-005
   1.5170172047420905E-005
   1.5170172047420905E-005
   1.5170172047420905E-005
   1.5170172047420905E-005
   1.5170172047420905E-005
   1.5170172047420905E-005
   1.5170172047420905E-005
   1.5170172047420905E-005
   1.5170172047420905E-005
   1.5170172047420905E-005
   1.5170172047420905E-005
   1.5170172047420905E-005
   1.5170172047420905E-005
   1.5170172047420905E-005
   1.5170172047420905E-005
   1.5170172047420905E-005
   1.5170172047420905E-005
   1.5170172047420905E-005
   1.5170172047420905E-005
   1.5170172047420905E-005
   1.5170172047420905E-005
   1.5170172047420905E-005
   1.5170172047420905E-005
   1.5170172047420905E-005
   1.5170172047420905E-005
   1.5170172047420905E-005
   1.5170172047420905E-005
   1.5170172047420905E-005
   1.5170172047420905E-005
   1.5170172047420905E-005
   1.5170172047420905E-005
   1.5170172047420905E-005
   1.5170172047420905E-005
   1.5170172047420905E-005
   1.5170172047420905E-005
   1.5170172047420905E-005
   1.5170172047420905E-005
   1.5170172047420905E-005
   1.5170172047420905E-005
   1.5170172047420905E-005
   1.5170172047420905E-005
   1.5170172047420905E-005
   1.5170172047420905E-005
   1.5170172047420905E-005
   1.5170172047420905E-005
   1.5170172047420905E-005
   1.5170172047420905E-005
   1.5170172047420905E-005
   1.5170172047420905E-005
   1.5170172047420905E-005
   1.5170172047420905E-005
   1.5170172047420905E-005
   1.5170172047420905E-005
   1.5170172047420905E-005
   1.5170172047420905E-005
   1.5170172047420905E-005
   1.5170172047420905E-005
   1.5170172047420905E-005
   1.5170172047420905E-005
   1.5170172047420905E-005
   1.5170172047420905E-005
   1.5170172047420905E-005
   1.5170172047420905E-005
   1.5170172047420905E-005
   1.5170172047420905E-005
   1.5170172047420905E-005
   1.5170172047420905E-005
   1.5170172047420905E-005
   1.5170172047420905E-005
   1.5170172047420905E-005
   1.5170172047420905E-005
   1.5170172047420905E-005
   1.5170172047420905E-005
   1.5170172047420905E-005
   1.5170172047420905E-005
   1.5170172047420905E-005
   1.5170172047420905E-005
   1.5170172047420905E-005
   1.5170172047420905E-005
   1.5170172047420905E-005
   1.5170172047420905E-005
   1.5170172047420905E-005
   1.5170172047420905E-005
   1.5170172047420905E-005
   1.5170172047420905E-005
   1.5170172047420905E-005
   1.5170172047420905E-005
   1.5170172047420905E-005
   1.5170172047420905E-005
   1.5170172047420905E-005
   1.5170172047420905E-005
   1.5170172047420905E-005
   1.5170172047420905E-005
   1.5170172047420905E-005
   1.5170172047420905E-005
   1.5170172047420905E-005
   1.5170172047420905E-005
   1.5170172047420905E-005
   1.5170172047420905E-005
   1.5170172047420905E-005
   1.5170172047420905E-005
   1.5170172047420905E-005
   1.5170172047420905E-005
   1.5170172047420905E-005
   1.5170172047420905E-005
   1.5170172047420905E-005
   1.5170172047420905E-005
   1.5170172047420905E-005
   1.5170172047420905E-005
   1.5170172047420905E-005
   1.5170172047420905E-005
   1.5170172047420905E-005
   1.5170172047420905E-005
   1.5170172047420905E-005
   1.5170172047420905E-005
   1.5170172047420905E-005
   1.5170172047420905E-005
   1.5170172047420905E-005
   1.5170172047420905E-005
   1.5170172047420905E-005
   1.5170172047420905E-005
   1.5170172047420905E-005
   1.5170172047420905E-005
   1.5170172047420905E-005
   1.5170172047420905E-005
   1.5170172047420905E-005
   1.5170172047420905E-005
   1.5170172047420905E-005
   1.5170172047420905E-005
   1.5170172047420905E-005
   1.5170172047420905E-005
   1.5170172047420905E-005
   1.5170172047420905E-005
   1.5170172047420905E-005
   1.5170172047420905E-005
   1.5170172047420905E-005
   1.5170172047420905E-005
   1.5170172047420905E-005
   1.5170172047420905E-005
   1.5170172047420905E-005
   1.5170172047420905E-005
   1.5170172047420905E-005
   1.5170172047420905E-005
   1.5170172047420905E-005
   1.5170172047420905E-005
   1.5170172047420905E-005
   1.5170172047420905E-005
   1.5170172047420905E-005
   1.5170172047420905E-005
   1.5170172047420905E-005
   1.5170172047420905E-005
   1.5170172047420905E-005
   1.5170172047420905E-005
   1.5170172047420905E-005
   1.5170172047420905E-005
   1.5170172047420905E-005
   1.5170172047420905E-005
   1.5170172047420905E-005
   1.5170172047420905E-005
   1.5170172047420905E-005
   1.5170172047420905E-005
   1.5170172047420905E-005
   1.5170172047420905E-005
   1.5170172047420905E-005
   1.5170172047420905E-005
   1.5170172047420905E-005
   1.5170172047420905E-005
   1.5170172047420905E-005
   1.5170172047420905E-005
   1.5170172047420905E-005
   1.5170172047420905E-005
   1.5170172047420905E-005
   1.5170172047420905E-005
   1.5170172047420905E-005
   1.5170172047420905E-005
   1.5170172047420905E-005
   1.5170172047420905E-005
   1.5170172047420905E-005
   1.5170172047420905E-005
   1.5170172047420905E-005
   1.5170172047420905E-005
   1.5170172047420905E-005
   1.5170172047420905E-005
   1.5170172047420905E-005
   1.5170172047420905E-005
   1.5170172047420905E-005
   1.5170172047420905E-005
   1.5170172047420905E-005
   1.5170172047420905E-005
   1.5170172047420905E-005
   1.5170172047420905E-005
   1.5170172047420905E-005
   1.5170172047420905E-005
   1.5170172047420905E-005
   1.5170172047420905E-005
   1.5170172047420905E-005
   1.5170172047420905E-005
   1.5170172047420905E-005
   1.5170172047420905E-005
   1.5170172047420905E-005
   1.5170172047420905E-005
   1.5170172047420905E-005
   1.5170172047420905E-005
   1.5170172047420905E-005
   1.5170172047420905E-005
   1.5170172047420905E-005
   1.5170172047420905E-005
   1.5170172047420905E-005
   1.5170172047420905E-005
   1.5170172047420905E-005
   1.5170172047420905E-005
   1.5170172047420905E-005
   1.5170172047420905E-005
   1.5170172047420905E-005
   1.5170172047420905E-005
   1.5170172047420905E-005
   1.5170172047420905E-005
   1.5170172047420905E-005
   1.5170172047420905E-005
   1.5170172047420905E-005
   1.5170172047420905E-005
   1.5170172047420905E-005
   1.5170172047420905E-005
   1.5170172047420905E-005
   1.5170172047420905E-005
   1.5170172047420905E-005
   1.5170172047420905E-005
   1.5170172047420905E-005
   1.5170172047420905E-005
   1.5170172047420905E-005
   1.5170172047420905E-005
   1.5170172047420905E-005
   1.5170172047420905E-005
   1.5170172047420905E-005
   1.5170172047420905E-005
   1.5170172047420905E-005
   1.5170172047420905E-005
   1.5170172047420905E-005
   1.5170172047420905E-005
   1.5170172047420905E-005
   1.5170172047420905E-005
