  -1.5446561950227821E+020
  -1.5446561950227823E+019
  -1.3971004277898078E+019
  -1.2636401625292904E+019
  -1.1429289037461281E+019
  -1.0337487820928983E+019
  -9.3499826715023770E+018
  -8.4568105396363581E+018
  -7.6489601121167616E+018
  -6.9182808959167058E+018
  -6.2574009869637857E+018
  -5.6596526941780275E+018
  -5.1190052683932283E+018
  -4.6300040574562796E+018
  -4.1877154736334761E+018
  -3.7876772180938516E+018
  -3.4258532602787907E+018
  -3.0985931179397581E+018
  -2.8025950270159247E+018
  -2.5348726297684552E+018
  -2.2927248450843459E+018
  -2.0737086169679442E+018
  -1.8756142662766423E+018
  -1.6964431970216607E+018
  -1.5343877323103055E+018
  -1.3878128764922627E+018
  -1.2552398195062080E+018
  -1.1353310170002324E+018
  -1.0268766956977555E+018
  -9.2878264786006848E+017
  -8.4005919170247066E+017
  -7.5981118638440563E+017
  -6.8722900083372762E+017
  -6.2158034528855283E+017
  -5.6220288314420998E+017
  -5.0849754856539738E+017
  -4.5992250244418131E+017
  -4.1598766572482963E+017
  -3.7624977494158259E+017
  -3.4030791008412768E+017
  -3.0779944967092045E+017
  -2.7839641222062874E+017
  -2.5180214721040336E+017
  -2.2774834213568029E+017
  -2.0599231547540925E+017
  -1.8631456825113283E+017
  -1.6851656947732106E+017
  -1.5241875316012550E+017
  -1.3785870663604840E+017
  -1.2468953197247374E+017
  -1.1277836389804821E+017
  -1.0200502931014619E+017
  -92260834835039280.     
  -83447470208331424.     
  -75476016411741104.     
  -68266048559212760.     
  -61744824481275064.     
  -55846550821183664.     
  -50511719238409672.     
  -45686506022357928.     
  -41322229058950224.     
  -37374856671349000.     
  -33804563379460796.     
  -30575328096227772.     
  -27654570706864332.     
  -25012823364447000.     
  -22623433185521516.     
  -20462293346190248.     
  -18507599865678388.     
  -16739631623540992.     
  -15140551391080254.     
  -13694225869556564.     
  -12386062919538900.     
  -11202864339183280.     
  -10132692706102992.     
  -9164750939383222.0     
  -8289273366628024.0     
  -7497427197002803.0     
  -6781223406222811.0     
  -6133436134396505.0     
  -5547529783519521.0     
  -5017593079097781.0     
  -4538279430640096.0     
  -4104752989310640.0     
  -3712639858510913.5     
  -3357983965149336.5     
  -3037207146378783.0     
  -2747073049112698.0     
  -2484654478098018.5     
  -2247303863115899.0     
  -2032626547350624.2     
  -1838456627430024.0     
  -1662835101384881.8     
  -1503990104059669.2     
  -1360319030567453.0     
  -1230372367430523.8     
  -1112839068277320.1     
  -1006533326549423.0     
  -910382611766987.25     
  -823416848649157.88     
  -744758629916417.62     
  -673614364030716.75     
  -609266268561978.25     
  -551065128401136.06     
  -498423745756522.50     
  -450811015849883.38     
  -407746568541060.12     
  -368795921820091.06     
  -333566098269774.81     
  -301701660272696.50     
  -272881123961479.38     
  -246813715732207.62     
  -223236438597116.75     
  -201911418778665.50     
  -182623505774474.34     
  -165178101679920.72     
  -149399197868184.50     
  -135127599219589.58     
  -122219317984293.52     
  -110544121073826.78     
  -99984216124944.141     
  -90433063079339.672     
  -81794299289120.766     
  -73980767303310.984     
  -66913635526609.578     
  -60521602878638.445     
  -54740179429393.055     
  -49511035753148.875     
  -44781414436382.430     
  -40503597802344.492     
  -36634426482099.602     
  -33134863974841.168     
  -29969602804282.879     
  -27106708297594.090     
  -24517296392925.598     
  -22175242224889.188     
  -20056916547878.383     
  -18140947337975.148     
  -16408004168217.930     
  -14840603181768.951     
  -13422930695333.391     
  -12140683653145.633     
  -10980925321845.049     
  -9931954770330.8691     
  -8983188817763.8281     
  -8125055258674.7861     
  -7348896287916.6445     
  -6646881151102.9121     
  -6011927139253.7451     
  -5437628130555.4092     
  -4918189958283.1172     
  -4448371952806.9648     
  -4023434067891.8140     
  -3639089057842.3018     
  -3291459223003.1553     
  -2977037287214.9624     
  -2692651012514.0796     
  -2435431194070.0757     
  -2202782712458.3970     
  -1992358351211.1084     
  -1802035115488.3281     
  -1629892812946.5483     
  -1474194680704.0559     
  -1333369862946.5713     
  -1205997562387.7998     
  -1090792705687.2437     
  -986592978201.96863     
  -892347097264.62061     
  -807104205675.36389     
  -730004278397.61121     
  -660269445669.52551     
  -597196144989.29297     
  -540148022794.58582     
  -488549514220.54358     
  -441880036161.67706     
  -399668735050.87543     
  -361489736365.28540     
  -326957847930.75940     
  -295724673675.07788     
  -267475098621.12604     
  -241924109656.76755     
  -218813920005.77365     
  -197911368388.30521     
  -179005566630.76010     
  -161905771991.48434     
  -146439462735.98138     
  -132450597545.90332     
  -119798041200.79176     
  -108354140649.10307     
  -98003437102.342667     
  -88641501158.472870     
  -80173879202.036194     
  -72515140451.096252     
  -65588015036.556725     
  -59322614417.835617     
  -53655726269.589531     
  -48530176725.514389     
  -43894253544.835594     
  -39701184381.745041     
  -35908664893.989479     
  -32478431929.646141     
  -29375877485.916183     
  -26569699545.127087     
  -24031586265.185802     
  -21735930338.248260     
  -19659570635.735008     
  -17781558533.123463     
  -16082946556.939070     
  -14546597221.583506     
  -13157010127.331692     
  -11900165575.070768     
  -10763383119.993073     
  -9735193637.1744556     
  -8805223608.2945747     
  -7964090462.0537949     
  -7203307912.3655720     
  -6515200339.2698021     
  -5892825348.7475281     
  -5329903730.1335239     
  -4820756104.4599953     
  -4360245624.5689430     
  -3943726148.8884602     
  -3566995365.9925370     
  -3226252397.0124798     
  -2918059448.1463599     
  -2639307126.3739920     
  -2387183068.4441810     
  -2159143566.6282725     
  -1952887904.9693546     
  -1766335147.1024148     
  -1597603141.4554126     
  -1444989532.0121861     
  -1306954583.0528593     
  -1182105644.5884850     
  -1069183101.7600379     
  -967047666.44369936     
  -874668882.84593236     
  -791114731.12012744     
  -715542224.11443830     
  -647188902.38044822     
  -585365141.63477206     
  -529447195.06279576     
  -478870900.26750898     
  -433125987.37219870     
  -391750930.85076958     
  -354328293.14525384     
  -320480513.09176028     
  -289866096.66378927     
  -262176171.60093641     
  -237131371.16221476     
  -214479015.56386676     
  -193990562.66484922     
  -175459302.17969930     
  -158698270.15541354     
  -143538362.67128706     
  -129826629.73060249     
  -117424732.13106056     
  -106207545.74514812     
  -96061899.128862962     
  -86885431.722401246     
  -78585561.123055205     
  -71078549.011033088     
  -64288656.304212958     
  -58147379.018101357     
  -52592757.121494725     
  -47568749.414818421     
  -43024668.124215767     
  -38914667.506946228     
  -35197281.308576845     
  -31835004.405317239     
  -28793914.410645418     
  -26043329.428567398     
  -23555498.500548739     
  -21305321.622999340     
  -19270096.510539588     
  -17429289.550111581     
  -15764328.635068346     
  -14258415.789118839     
  -12896357.689672843     
  -11664412.380715305     
  -10550150.628679996     
  -9542330.5225266423     
  -8630784.0528468285     
  -7806314.5256837765     
  -7060603.7760614567     
  -6386128.2450910183     
  -5776083.0739461929     
  -5224313.4488841305     
  -4725252.5046432102     
  -4273865.1597189307     
  -3865597.3168652053     
  -3496329.9162994968     
  -3162337.3780495492     
  -2860250.0141616012     
  -2587020.0315430355     
  -2339890.7824380063     
  -2116368.9523009728     
  -1914199.4044682169     
  -1731342.4278326880     
  -1565953.1579711905     
   0.0000000000000000     
   15659531.579711905     
   17712932.704214983     
   20035591.957969721     
   22662816.587720539     
   25634543.604505837     
   28995946.874818973     
   32798123.818344142     
   37098872.150908127     
   41963568.480086073     
   47466162.109183379     
   53690299.156623445     
   60730594.078723900     
   68694067.924554333     
   77701775.186099753     
   87890643.973831266     
   99415557.490592107     
   112451708.44473436     
   127197262.19245112     
   143876369.09230754     
   162742571.86342514     
   184082659.74330974     
   208221028.03321126     
   235524609.30140975     
   266408451.20471653     
   301342025.71786636     
   340856365.67876101     
   385552137.13373810     
   436108770.19233358     
   493294787.19164068     
   557979485.17093110     
   631146150.24436474     
   713907004.74633634     
   807520114.36425006     
   913408512.26771462     
   1033181830.9441929     
   1168660770.5713253     
   1321904775.8749592     
   1495243342.1948061     
   1691311426.6480091     
   1913089502.6833982     
   2163948866.9043932     
   2447702886.8793888     
   2768664968.9686942     
   3131714127.3495345     
   3542369150.9680676     
   4006872495.8463225     
   4532285178.0092373     
   5126594109.5196915     
   5798833509.2599134     
   6559222234.0508432     
   7419319117.7095671     
   8392198679.3875093     
   9492649872.1699047     
   10737400893.157103     
   12145373472.414469     
   13737970506.292318     
   15539401407.492350     
   17577050117.597431     
   19881891376.302921     
   22488961575.148518     
   25437891353.300034     
   28773508031.485138     
   32546517041.811928     
   36814272712.032600     
   41641650121.110977     
   47102031279.359268     
   53278420624.282120     
   60264706789.022018     
   68167089823.821754     
   77105695566.006683     
   87216401698.874481     
   98652903257.810364     
   111589048981.83258     
   126221484025.95537     
   142772639206.81247     
   161494112221.71182     
   182670492239.76535     
   206623686003.53217     
   233717811203.18451     
   264364731508.43707     
   299030317397.46057     
   338241527954.99591     
   382594421291.61804     
   432763215352.26807     
   489510536849.36890     
   553699014116.77710     
   626304390110.05786     
   708430354886.64075     
   801325323037.60571     
   906401411108.46497     
   1025255903488.8519     
   1159695533078.7275     
   1311763945826.7969     
   1483772766635.5283     
   1678336738872.3333     
   1898413471650.2290     
   2147348399085.0181     
   2428925634964.3926     
   2747425495881.8159     
   3107689567256.7998     
   3515194301324.2661     
   3976134265871.9702     
   4497516309208.0918     
   5087266072781.0801     
   5754348470573.1602     
   6508903966700.8975     
   7362402722808.1377     
   8327818958479.2744     
   9419828175163.2637     
   10655030241652.016     
   12052201732283.861     
   13632581353719.824     
   15420192799126.990     
   17442209937545.426     
   19729369889761.152     
   22316440269941.578     
   25242747695674.098     
   28552775600403.941     
   32296840435747.641     
   36531856542779.922     
   41322201319268.406     
   46740693834450.609     
   52869701767488.711     
   59802393496413.398     
   67644154370832.219     
   76514188697470.875     
   86547331790676.844     
   97896099633257.891     
   110733007304993.97     
   125253191421757.00     
   141677376449503.97     
   160255229984725.06     
   181269158005692.59     
   205038597786947.06     
   231924873734544.56     
   262336689956668.69     
   296736343063364.56     
   335646749637508.94     
   379659395203127.81     
   429443325525046.38     
   485755316918577.88     
   549451380170318.31     
   621499772943651.62     
   702995718473356.88     
   795178054291386.38     
   899448064064701.75     
   1017390778812019.4     
   1150799071303875.5     
   1301700909910209.2     
   1472390186187110.5     
   1665461584819554.8     
   1883850025985690.0     
   2130875279714597.2     
   2410292430430050.5     
   2726348958802745.0     
   3083849308624597.5     
   3488227920200173.5     
   3945631840451652.5     
   4463014165511443.5     
   5048239736243551.0     
   5710204693394226.0     
   6458971709755654.0     
   7305922955036123.0     
   8263933118688797.0     
   9347565120856642.0     
   10573291486477976.     
   11959744747708418.     
   13528000681080728.     
   15301898684951964.     
   17308404167365034.     
   19578018453060992.     
   22145242440727488.     
   25049101058637672.     
   28333736491043376.     
   32049079193085600.     
   36251606894465488.     
   41005203129654312.     
   46382128345348296.     
   52464118347180552.     
   59343626783418528.     
   67125230552910360.     
   75927219501190912.     
   85883394570062656.     
   97145101734712880.     
   1.0988353264668626E+017
   1.2429232695528506E+017
   1.4059051586584899E+017
   1.5902585168058179E+017
   1.7987857393499635E+017
   2.0346566937983514E+017
   2.3014569056537376E+017
   2.6032420627645290E+017
   2.9445996667148211E+017
   3.3307187684303046E+017
   3.7674688480660915E+017
   4.2614890382467450E+017
   4.8202890469603123E+017
   5.4523633142571552E+017
   6.1673201380742912E+017
   6.9760277320549030E+017
   7.8907794356195725E+017
   8.9254805876833472E+017
   1.0095859904726531E+018
   1.1419708576423030E+018
   1.2917150713370775E+018
   1.4610949258058739E+018
   1.6526852009289513E+018
   1.8693983020049631E+018
   2.1145285318551560E+018
   2.3918021682345846E+018
   2.7054341077879229E+018
   3.0601919376069233E+018
   3.4614684083551570E+018
   3.9153634106397097E+018
   4.4287767007704284E+018
   5.0095127854510879E+018
   5.6663995597773885E+018
   6.4094225019837286E+018
   7.2498764648621537E+018
   8.2005373712677734E+018
   9.2758564236912148E+018
   1.0492179780119929E+019
   1.1867997035528731E+019
   1.3424222286220567E+019
   1.5184512049537466E+019
   1.7175624871708199E+019
   1.9427828090309038E+019
   2.1975357934622999E+019
   2.4856939957981495E+019
   2.8116377713294205E+019
   3.1803218620351128E+019
   3.5973507146890035E+019
   4.0690636752697983E+019
   4.6026313547333845E+019
   5.2061646310241763E+019
   5.8888379442887524E+019
   6.6610287595290501E+019
   7.5344753166971372E+019
   8.5224550662249447E+019
   9.6399865024261292E+019
   1.0904057462883331E+020
   1.2333883364249323E+020
   1.3951199299960429E+020
   1.5780590440102842E+020
   1.7849865755911861E+020
   2.0190480749971135E+020
   2.2838015618125296E+020
   2.5832716111748878E+020
   2.9220105322136089E+020
   3.3051675686878537E+020
   3.7385671737569857E+020
   4.2287975487554768E+020
   4.7833107918693623E+020
   5.4105361790959806E+020
   6.1200082994954253E+020
   6.9225119925454360E+020
   7.8302462908238738E+020
   8.8570098601470381E+020
   1.0018410756079544E+021
   1.1332103685369956E+021
   1.2818058378974669E+021
   1.4498863156266541E+021
   1.6400068294973611E+021
   1.8550574426488793E+021
   2.0983071860631769E+021
   2.3734537518134078E+021
   2.6846797024825757E+021
   3.0367160512039166E+021
   3.4349141788169638E+021
   3.8853271813675858E+021
   4.3948018845329628E+021
   4.9710829237027346E+021
   5.6229304718601759E+021
   6.3602534048704569E+021
   7.1942599284503788E+021
   8.1376279565328471E+021
   9.2046978309843310E+021
   1.0411690312249979E+022
   1.1776953154648821E+022
   1.3321240014564006E+022
   1.5068025931271762E+022
   1.7043864176101572E+022
   1.9278789894468975E+022
   2.1806776676631041E+022
   2.4666252997595522E+022
   2.7900686376698670E+022
   3.1559244136788116E+022
   3.5697540807354302E+022
   4.0378483533047533E+022
   4.5673228338818674E+022
   5.1662261788077277E+022
   5.8436624476387137E+022
   6.6099294959292155E+022
   7.4766755151659424E+022
   8.4570760994514149E+022
   9.5660345305656822E+022
   1.0820408325982890E+023
   1.2239265493648214E+023
   1.3844174388899557E+023
   1.5659531579711903E+023
