Fermi

points 
x y dxl dxr dyu dyd
1.43521	1.206090e-010 -0.451852 0.46902 7.2855e-012 -1.14776e-011
4.66228	9.851891e-011 -1.66374 1.82211 7.50949e-012 -9.34118e-012
14.677	9.851891e-011 -5.0875 5.1046 1.061249e-011 -1.311751e-011
83.9317	6.766293e-011 -54.7001 59.2503 1.295093e-011 -1.311751e-011

left
0.983358 1.189961e-010
2.99854	9.584633e-011
9.5895	9.865137e-011
29.2316	6.780222e-011

right
1.90423	1.223645e-010
6.48439	9.995288e-011
19.7816	9.995288e-011
143.182	6.864779e-011

up
1.45659	1.278945e-010
4.72989	1.060284e-010
14.6586	1.091314e-010
85.1006	8.061386e-011

down
1.50259	1.091314e-010
4.7282	8.917773e-011
14.6512	8.540140e-011
86.3734	5.305901e-011

ARGO
395.865	2.693766e-011 0 0 2.242971e-011 -1.623539e-011
634.343	3.023224e-011 0 0 1.250455e-011 -5.88144e-012
924.39	2.400211e-011 0 0 9.44180e-012 -6.27209e-012
1435.06	2.365841e-011 0 0 8.83456e-012 -5.14439e-012
2729.27	1.290938e-011 0 0 7.86898e-012 -6.984775e-012
6375.24	1.348021e-011 0 0 3.49901e-012 -6.229964e-012

up
396.361	4.936737e-011
634.797	4.273679e-011
910.606	3.344391e-011
1413.62	3.249297e-011
2775.21	2.077836e-011
6278.86	1.697922e-011

down
395.111	1.070227e-011
634.059	2.435080e-011
923.811	1.773002e-011
1457.04	1.851402e-011
2724.88	5.924605e-012
6367.07	7.250246e-012

HAwk
766.325	3.863271e-011 0 0 7.29988e-012 -6.60502e-012
1117.42	4.152162e-011 0 0 4.41097e-012 -6.59886e-012
1964.8	2.365841e-011 0 0 4.47040e-012 -5.67082e-012
4172.6	1.534868e-011 0 0 3.43430e-012 -3.16299e-012
8724.97	1.101548e-011 0 0 9.9572e-013 -2.640363e-012
17385	4.636332e-012 0 0 1.203436e-012 -1.671526e-012
39911.9	2.221877e-012 0 0 6.17381e-013 -1.157083e-012
123671 2.097320e-012 0 0 1.043562e-012 -8.67324e-013

up
754.651	4.593259e-011
1117.65	4.593259e-011
1934.87	2.812881e-011
4174.35	1.878298e-011
8726.53	1.201120e-011
17122.2	5.839768e-012
39932.2	2.839258e-012
1.257335e+005	3.140882e-012

down
766.028	3.202769e-011
1117.02	3.492276e-011
1994.78	1.798759e-011
4170.62	1.218569e-011
8858.09	8.375117e-012
17098.2	2.964806e-012
39230.2	1.064794e-012
1.235342e+005	1.229996e-012

