   1.0049875758575195E-006
   1.0049875758575195E-006
   1.0223849621460173E-006
   1.0415375501059498E-006
   1.0616625690396242E-006
   1.0826164010728608E-006
   1.1042050071299228E-006
   1.1261984670258671E-006
   1.1485419405493877E-006
   1.1711693048706751E-006
   1.1940055712283238E-006
   1.2169295192720748E-006
   1.2399359611883478E-006
   1.2630386933014974E-006
   1.2861274425758891E-006
   1.3091046124990461E-006
   1.3320097574392635E-006
   1.3547438468528717E-006
   1.3772192590769201E-006
   1.3994675572800931E-006
   1.4214702138382731E-006
   1.4431704243354378E-006
   1.4646323292121788E-006
   1.4858036682806745E-006
   1.5066351489497115E-006
   1.5270383230145562E-006
   1.5471051462754691E-006
   1.5668332976089775E-006
   1.5860966142126552E-006
   1.6049704726648183E-006
   1.6234281300433706E-006
   1.6414349345050620E-006
   1.6589970270775883E-006
   1.6760569456439063E-006
   1.6926750238100361E-006
   1.7088571203682831E-006
   1.7245694868814013E-006
   1.7397885186577676E-006
   1.7544897716277420E-006
   1.7687542371089465E-006
   1.7824788262142074E-006
   1.7956791076191025E-006
   1.8083407053375173E-006
   1.8205024468626045E-006
   1.8321811793702909E-006
   1.8433585179321386E-006
   1.8540714633517271E-006
   1.8643319579081092E-006
   1.8741706153148765E-006
   1.8835747183583367E-006
   1.8925703235154252E-006
   1.9011938544010049E-006
   1.9094369164682669E-006
   1.9173158305629600E-006
   1.9248930003406648E-006
   1.9321427983244671E-006
   1.9390728657474053E-006
   1.9457036759796713E-006
   1.9520660906174103E-006
   1.9581421053078881E-006
   1.9639744744804516E-006
   1.9695439269760190E-006
   1.9749069199904002E-006
   1.9800681369129519E-006
   1.9850267230964518E-006
   1.9897830443290146E-006
   1.9943844610163001E-006
   1.9988308019454832E-006
   2.0031264612166135E-006
   2.0072755243070515E-006
   2.0113153495923215E-006
   2.0152202245618644E-006
   2.0190301853550612E-006
   2.0227563177407326E-006
   2.0263591075708441E-006
   2.0299009483664831E-006
   2.0333647607461678E-006
   2.0367611107843282E-006
   2.0400818060066158E-006
   2.0433658379932421E-006
   2.0465898800967212E-006
   2.0497487070201575E-006
   2.0528760959638109E-006
   2.0559685342158578E-006
   2.0590232551006121E-006
   2.0620454353579723E-006
   2.0650369380809421E-006
   2.0680308689107130E-006
   2.0709836007171010E-006
   2.0739429196407987E-006
   2.0768861149514422E-006
   2.0798185048421576E-006
   2.0827480185712719E-006
   2.0856808237806643E-006
   2.0886111247995147E-006
   2.0915697311531249E-006
   2.0945161601604278E-006
   2.0974609456410506E-006
   2.1004230112789902E-006
   2.1034182740685974E-006
   2.1064079678686383E-006
   2.1094313710431428E-006
   2.1124774500334754E-006
   2.1155252073246300E-006
   2.1186039623333326E-006
   2.1216918235976758E-006
   2.1247833299390520E-006
   2.1279122702249036E-006
   2.1310700158327913E-006
   2.1342459102461259E-006
   2.1374463803213564E-006
   2.1406656168813512E-006
   2.1439083063587720E-006
   2.1471640734040245E-006
   2.1504543954784481E-006
   2.1537775885703175E-006
   2.1571328261791889E-006
   2.1605219748109864E-006
   2.1639330301783770E-006
   2.1673873086930867E-006
   2.1708683481384410E-006
   2.1743753844718960E-006
   2.1779448540175762E-006
   2.1815470411718448E-006
   2.1851860173369152E-006
   2.1888708525734524E-006
   2.1925816970495887E-006
   2.1963365524047357E-006
   2.2001507177406117E-006
   2.2040254049664238E-006
   2.2079177329923432E-006
   2.2118971712606926E-006
   2.2159047761469045E-006
   2.2199818536951147E-006
   2.2241247450659893E-006
   2.2283368573024192E-006
   2.2326034184871680E-006
   2.2369410479513798E-006
   2.2413386577116999E-006
   2.2458102950587400E-006
   2.2503621991346832E-006
   2.2550122477053329E-006
   2.2597325567429818E-006
   2.2645328160322928E-006
   2.2694300373920367E-006
   2.2744176007802949E-006
   2.2795216502433372E-006
   2.2847371473279539E-006
   2.2900720086941016E-006
   2.2955055592831714E-006
   2.3011016618547277E-006
   2.3067905405953080E-006
   2.3126477026949801E-006
   2.3186486844844145E-006
   2.3247875646442003E-006
   2.3311068140987187E-006
   2.3376190799202709E-006
   2.3443280463104050E-006
   2.3512309087179518E-006
   2.3583375971069174E-006
   2.3656607950122988E-006
   2.3732598604021677E-006
   2.3810796415586442E-006
   2.3892058252432998E-006
   2.3976086460404801E-006
   2.4063260915748402E-006
   2.4154224966736318E-006
   2.4248950678702961E-006
   2.4347442633251708E-006
   2.4450050107755256E-006
   2.4557136092308188E-006
   2.4669684973806611E-006
   2.4788098987131738E-006
   2.4911950275786076E-006
   2.5042078160970844E-006
   2.5178057847121934E-006
   2.5322712427028882E-006
   2.5474847231041485E-006
   2.5636108151753742E-006
   2.5806515431051568E-006
   2.5986725674363303E-006
   2.6178144623573436E-006
   2.6381291654640025E-006
   2.6597510014385839E-006
   2.6828983086743924E-006
   2.7073682745693379E-006
   2.7336978840120195E-006
   2.7618399497201927E-006
   2.7918337840342522E-006
   2.8239563262908789E-006
   2.8582604047100683E-006
   2.8951314260552133E-006
   2.9344408238150212E-006
   2.9767565375844195E-006
   3.0218291017326708E-006
   3.0702328483891833E-006
   3.1216837979429578E-006
   3.1766209846586419E-006
   3.2352163363365579E-006
   3.2974168983155931E-006
   3.3639382384155566E-006
   3.4348749291199898E-006
   3.5104811264441917E-006
   3.5912120191143394E-006
   3.6772416542951739E-006
   3.7690292368278324E-006
   3.8681114317268931E-006
   3.9750989880594994E-006
   4.0917206048123952E-006
   4.2207352408108460E-006
   4.3651774048478121E-006
   4.5325770498470445E-006
   4.7350198418244814E-006
   5.0006947211362910E-006
   5.4188643697081735E-006
   6.4925629248989206E-006
   8.0127213208878674E-006
   8.1279531389203716E-006
   8.2084375275597197E-006
   8.2794005955862472E-006
   8.3028362354376337E-006
   8.3098479436084657E-006
   8.3150569265313540E-006
   8.3193425828411924E-006
   8.3229220910425212E-006
   8.3258707652451440E-006
   8.3281923736572488E-006
   8.3285686340488769E-006
   8.3286151416528159E-006
   8.3286358756516250E-006
   8.3286433922614385E-006
   8.3295738521007659E-006
   8.3304336218327119E-006
   8.3311830586296395E-006
   8.3317807605427780E-006
   8.3322302132500228E-006
   8.3325653520505858E-006
   8.3349354858797821E-006
   8.3371189643926141E-006
   8.3391303921607978E-006
   8.3409832454859118E-006
   8.3426899573655621E-006
   8.3442619963975266E-006
   8.3457099400022349E-006
   8.3470435423280055E-006
   8.3482717971879484E-006
   8.3494029963597776E-006
   8.3504447835635107E-006
   8.3514042044144649E-006
   8.3522877526322933E-006
   8.3531014127702928E-006
   8.3538506997130939E-006
   8.3545406951753495E-006
   8.3551760814191466E-006
   8.3557611723936296E-006
   8.3562999424867559E-006
   8.3567960530661551E-006
   8.3572528769740211E-006
   8.3576735211293339E-006
   8.3580608473800319E-006
   8.3584174917373467E-006
   8.3587458821153730E-006
   8.3590482546895939E-006
   8.3593266689801225E-006
   8.3595830217573073E-006
   8.3598190598604209E-006
   8.3600363920131412E-006
   8.3602364997133283E-006
   8.3604207472689359E-006
   8.3605903910460807E-006
   8.3607465879906634E-006
   8.3608904034801541E-006
   8.3610228185575176E-006
   8.3611447365958385E-006
   8.3612569894378648E-006
   8.3613603430517909E-006
   8.3614555027410709E-006
   8.3615431179431889E-006
   8.3616237866497668E-006
   8.3616980594777467E-006
   8.3617664434189786E-006
   8.3618294052935774E-006
   8.3618873749304332E-006
   8.3619407480962174E-006
   8.3619898891928743E-006
   8.3620351337417400E-006
   8.3620767906711091E-006
   8.3621151444229039E-006
   8.3621504568924949E-006
   8.3621829692151698E-006
   8.3622129034110237E-006
   8.3622404638996406E-006
   8.3622658388949296E-006
   8.3622892016894286E-006
   8.3623107118368617E-006
   8.3623305162411263E-006
   8.3623487501588996E-006
   8.3623655381229086E-006
   8.3623809947919767E-006
   8.3623952257337750E-006
   8.3625604456263789E-006
   8.3625604456263789E-006
   8.3625604456263789E-006
   8.3625604456263789E-006
   8.3625604456263789E-006
   8.3625604456263789E-006
   8.3625604456263789E-006
   8.3625604456263789E-006
   8.3625604456263789E-006
   8.3625604456263789E-006
   8.3625604456263789E-006
   8.3625604456263789E-006
   8.3625604456263789E-006
   8.3625604456263789E-006
   8.3625604456263789E-006
   8.3625604456263789E-006
   8.3625604456263789E-006
   8.3625604456263789E-006
   8.3625604456263789E-006
   8.3625604456263789E-006
   8.3625604456263789E-006
   8.3625604456263789E-006
   8.3625604456263789E-006
   8.3625604456263789E-006
   8.3625604456263789E-006
   8.3625604456263789E-006
   8.3625604456263789E-006
   8.3625604456263789E-006
   8.3625604456263789E-006
   8.3625604456263789E-006
   8.3625604456263789E-006
   8.3625604456263789E-006
   8.3625604456263789E-006
   8.3625604456263789E-006
   8.3625604456263789E-006
   8.3625604456263789E-006
   8.3625604456263789E-006
   8.3625604456263789E-006
   8.3625604456263789E-006
   8.3625604456263789E-006
   8.3625604456263789E-006
