  -1.2359967795267045E+020
  -1.2359967795267045E+019
  -1.1379767322872560E+019
  -1.0477301111763954E+019
  -9.6464044889505116E+018
  -8.8814016674546248E+018
  -8.1770669754744566E+018
  -7.5285891602466028E+018
  -6.9315385227713536E+018
  -6.3818366589005773E+018
  -5.8757286000920279E+018
  -5.4097571635258726E+018
  -4.9807393363711734E+018
  -4.5857445328851717E+018
  -4.2220745758213908E+018
  -3.8872452654012119E+018
  -3.5789694099480489E+018
  -3.2951412022677796E+018
  -3.0338218350517719E+018
  -2.7932262570424842E+018
  -2.5717109794940954E+018
  -2.3677628496350940E+018
  -2.1799887144452631E+018
  -2.0071059041411661E+018
  -1.8479334703636050E+018
  -1.7013841192158134E+018
  -1.5664567840476403E+018
  -1.4422297872510141E+018
  -1.3278545443554642E+018
  -1.2225497674169032E+018
  -1.1255961281034825E+018
  -1.0363313440224978E+018
  -9.5414565472344883E+017
  -8.7847765647419750E+017
  -8.0881046735791654E+017
  -7.4466819649492800E+017
  -6.8561269327096448E+017
  -6.3124055436610445E+017
  -5.8118036813963661E+017
  -5.3509017754747200E+017
  -4.9265514426150150E+017
  -4.5358539803468589E+017
  -4.1761405662107066E+017
  -3.8449540272495776E+017
  -3.5400320552612429E+017
  -3.2592917531556480E+017
  -3.0008154068549747E+017
  -2.7628373855453856E+017
  -2.5437320807971203E+017
  -2.3420028021660611E+017
  -2.1562715534235315E+017
  -1.9852696195765936E+017
  -1.8278289003795293E+017
  -1.6828739311364563E+017
  -1.5494145362898147E+017
  -1.4265390656119930E+017
  -1.3134081667970691E+017
  -1.2092490519137566E+017
  -1.1133502185541477E+017
  -1.0250565896188709E+017
  -94376503853892016.     
  -86892026936731392.     
  -80001102359782784.     
  -73656658779989104.     
  -67815357821357856.     
  -62437298034054024.     
  -57485742330854664.     
  -52926867039106024.     
  -48729530853977968.     
  -44865062114753480.     
  -41307062951055896.     
  -38031228961151968.     
  -35015183190568420.     
  -32238323276943272.     
  -29681680716971036.     
  -27327791294105540.     
  -25160575781922916.     
  -23165230108239044.     
  -21328124229701256.     
  -19636709026075336.     
  -18079430578229976.     
  -16645651244258706.     
  -15325576994616722.     
  -14110190509904866.     
  -12991189584297186.     
  -11960930413850918.     
  -11012375382305956.     
  -10139044987702882.     
  -9334973581434256.0     
  -8594668617386071.0     
  -7913073132803834.0     
  -7285531204592940.0     
  -6707756145088227.0     
  -6175801220040590.0     
  -5686032688797630.0     
  -5235104982517995.0     
  -4819937850863831.0     
  -4437695321062263.0     
  -4085766325606976.0     
  -3761746866269301.5     
  -3463423592582650.5     
  -3188758682626194.5     
  -2935875922829757.5     
  -2703047891712129.0     
  -2488684160005989.5     
  -2291320426565466.0     
  -2109608515844579.0     
  -1942307168620186.0     
  -1788273563051591.0     
  -1646455508157875.5     
  -1515884256387230.5     
  -1395667886181548.8     
  -1284985209333084.5     
  -1183080161514875.2     
  -1089256637667063.4     
  -1002873736960078.5     
  -923341384853407.62     
  -850116302344595.62     
  -782698294874745.12     
  -720626835540331.25     
  -663477919271531.62     
  -610861166488219.50     
  -562417156448930.31     
  -517814972077130.81     
  -476749939493688.38     
  -438941546814485.69     
  -404131527996647.06     
  -372082098644290.12     
  -342574331722735.19     
  -315406662085810.00     
  -290393509600795.88     
  -267364011465696.31     
  -246160855059389.69     
  -226639203351960.25     
  -208665705534775.88     
  -192117586112002.19     
  -176881806231217.81     
  -162854291524244.12     
  -149939221183635.34     
  -138048373418567.58     
  -127100522818990.30     
  -117020885511483.17     
  -107740608316723.81     
  -99196298419042.547     
  -91329590335275.328     
  -84086747224914.375     
  -77418293818139.469     
  -71278678454289.266     
  -65625961922187.695     
  -60421530976817.172     
  -55629834575395.070     
  -51218141031103.594     
  -47156314425610.430     
  -43416608753070.828     
  -39973478389428.453     
  -36803403592342.578     
  -33884729839749.754     
  -31197519909591.102     
  -28723417690277.320     
  -26445522791588.703     
  -24348275099490.336     
  -22417348486263.184     
  -20639552949896.047     
  -19002744514258.723     
  -17495742274592.613     
  -16108252021663.758     
  -14830795922859.793     
  -13654647779889.729     
  -12571773420835.684     
  -11574775819380.920     
  -10656844566326.834     
  -9811709348244.1465     
  -9033597115473.6680     
  -8317192646895.7168     
  -7657602242088.6104     
  -7050320292860.6611     
  -6491198505808.7051     
  -5976417565664.4600     
  -5502461045863.9688     
  -5066091388124.7705     
  -4664327786949.7754     
  -4294425827988.2236     
  -3953858741165.4771     
  -3640300140522.8774     
  -3351608132865.3379     
  -3085810686663.7495     
  -2841092161268.7202     
  -2615780904417.5322     
  -2408337833314.0298     
  -2217345921279.7734     
  -2041500518160.4612     
  -1879600438367.3159     
  -1730539755676.3748     
  -1593300248736.8064     
  -1466944445683.9758     
  -1350609220345.7280     
  -1243499896297.9587     
  -1144884818494.8828     
  -1054090355393.1532     
  -970496297429.78992     
  -893531620421.32446     
  -822670584944.21033     
  -757429145051.77515     
  -697361641795.86780     
  -642057758966.99487     
  -591139720257.78430     
  -544259708703.89532     
  -501097490774.72430     
  -461358228884.31970     
  -424770467379.90430     
  -391084278250.47546     
  -360069553888.98016     
  -331514435246.03308     
  -305223864638.05957     
  -281018253324.18011     
  -258732254750.19449     
  -238213635079.76550     
  -219322233297.52121     
  -201929003780.59897     
  -185915134798.53842     
  -171171236920.05115     
  -157596595782.74713     
  -145098484121.55316     
  -133591528356.33389     
  -122997125411.94107     
  -113242905787.02292     
  -104262239203.87312     
  -95993779462.442474     
  -88381045389.458298     
  -81372035020.140015     
  -74918870377.026367     
  -68977470419.419357     
  -63507249929.396492     
  -58470842277.500732     
  -53833844174.345703     
  -49564580664.556450     
  -45633888757.734703     
  -42014918218.454124     
  -38682948154.493668     
  -35615218150.442619     
  -32790772793.160618     
  -30190318527.062641     
  -27796091861.415585     
  -25591738029.384274     
  -23562199269.954521     
  -21693611969.597095     
  -19973211961.056297     
  -18389247332.365299     
  -16930898150.495625     
  -15588202551.277809     
  -14351988690.721140     
  -13213812092.895996     
  -12165897966.408697     
  -11201088095.436096     
  -10312791942.538097     
  -9494941629.2344837     
  -8741950486.8224678     
  -8048674894.2991858     
  -7410379142.7064638     
  -6822703085.8898401     
  -6281632356.6960707     
  -5783470945.1590891     
  -5324815951.3576002     
  -4902534340.4837456     
  -4513741541.3380585     
  -4155781742.0592561     
  -3826209748.4902563     
  -3522774281.2565360     
  -3243402597.4606447     
  -2986186331.9446564     
  -2749368461.4036903     
  -2531331302.3031301     
  -2330585460.6145654     
  -2145759657.8867524     
  -1975591364.1545479     
  -1818918173.6997709     
  -1674669864.7527101     
  -1541861088.8945708     
  -1419584640.2229257     
  -1307005258.3022642     
  -1203353922.5681572     
  -1107922599.2106061     
  -1020059404.6528800     
  -939164152.58806086     
  -864684254.15537167     
  -796110943.25081503     
  -732975801.18744361     
  -674847556.96558034     
  -621329141.29582143     
  -572054974.25115919     
  -526688468.02034926     
  -484919727.70405394     
  -446463434.44810200     
  -411056896.45368439     
  -378458254.55113882     
  -348444830.07970321     
  -320811603.78777689     
  -295369815.36314756     
  -271945674.02672029     
  -250379171.38189095     
   0.0000000000000000     
   2503791713.8189096     
   2832108604.6854386     
   3203476992.3012142     
   3623542128.0191545     
   4098689513.0149255     
   4636141965.6743469     
   5244069417.2211933     
   5931713104.6125307     
   6709526048.5847101     
   7589331952.2872276     
   8584504935.9570513     
   9710172839.8191395     
   10983447185.664591     
   12423683292.802269     
   14052774502.462809     
   15895484983.223959     
   17979826176.504681     
   20337482604.557545     
   23004293513.758995     
   26020797674.761528     
   29432849621.133057     
   33292316694.060436     
   37657867489.044960     
   42595863689.938690     
   48181368847.284470     
   54499289435.617393     
   61645665535.187431     
   69729130758.035645     
   78872563611.076752     
   89214955398.916275     
   100913523060.79756     
   114146099059.37167     
   129113834650.50648     
   146044257627.12607     
   165194731018.50671     
   186856365321.46759     
   211358443734.12967     
   239073427661.18192     
   270422618580.42316     
   305882562337.84198     
   345992293224.31097     
   391361527952.67627     
   442679934093.66327     
   500727613862.10242     
   566386962619.78149     
   640656082358.59412     
   724663954065.25696     
   819687599605.98914     
   927171494012.69092     
   1048749523260.9886     
   1186269821325.0896     
   1341822864062.8989     
   1517773246992.6409     
   1716795630021.8472     
   1941915395532.3354     
   2196554637873.5356     
   2484584183360.4224     
   2810382431543.3193     
   3178901912208.4565     
   3595744569856.7075     
   4067246920076.1411     
   4600576372288.8916     
   5203840183095.2998     
   5886208696438.7100     
   6658054743991.3916     
   7531111324817.0674     
   8518649961232.7637     
   9635682442096.1074     
   10899189020261.500     
   12328376533084.186     
   13944970369717.844     
   15773544723464.096     
   17841896149411.195     
   20181466105892.746     
   22827818902910.660     
   25821182322919.914     
   29207059132068.898     
   33036918777610.191     
   37368979786124.062     
   42269094755959.688     
   47811751396855.938     
   54081204833762.109     
   61172758387254.250     
   69194212299967.891     
   78267502431451.672     
   88530553831597.516     
   100139377369218.75     
   113270441287081.78     
   128123353733913.52     
   144923897051133.47     
   163927459939164.66     
   185422919676422.44     
   209737033405436.94     
   237239405239000.25     
   268348104692395.19     
   303536021848712.25     
   343338055863500.00     
   388359246082765.94     
   439283969377215.19     
   496886343503398.62     
   562041994635517.06     
   635741367948684.62     
   719104783590710.50     
   813399466911491.62     
   920058811830223.12     
   1040704170167046.6     
   1177169498163490.5     
   1331529234848801.0     
   1506129836037253.0     
   1703625443311569.0     
   1927018230204393.0     
   2179704038888871.5     
   2465524001111563.5     
   2788822928068677.5     
   3154515356822765.5     
   3568160257245850.5     
   4036045535125319.5     
   4565283615982680.0     
   5163919562595507.0     
   5841053369740468.0     
   6606978295186304.0     
   7473337329736211.0     
   8453300184854606.0     
   9561763488305594.0     
   10815577231020394.     
   12233800907461660.     
   13837993243129896.     
   15652539913422552.     
   17705024235571252.     
   20026646468625628.     
   22652698095353660.     
   25623098295720552.     
   28983000766995712.     
   32783480114891856.     
   37082308249716672.     
   41944832589703272.     
   47444969421278568.     
   53666327516554360.     
   60703479088394192.     
   68663397403118832.     
   77667082904314384.     
   87851402566801168.     
   99371170441183584.     
   1.1240150101578862E+017
   1.2714047116995850E+017
   1.4381213118362582E+017
   1.6266991057418115E+017
   1.8400047053349658E+017
   2.0812806152683638E+017
   2.3541945229445946E+017
   2.6628950518273590E+017
   3.0120748255659411E+017
   3.4070418015844090E+017
   3.8537999584929005E+017
   4.3591405638678170E+017
   4.9307454097822330E+017
   5.5773035853922016E+017
   6.3086435616643456E+017
   7.1358825960933043E+017
   8.0715957285425382E+017
   9.1300069371508877E+017
   1.0327205360107255E+018
   1.1681389870127483E+018
   1.3213145719463043E+018
   1.4945757460782292E+018
   1.6905562900702433E+018
   1.9122353466496517E+018
   2.1629827072036616E+018
   2.4466100367086495E+018
   2.7674288156756306E+018
   3.1303158799000064E+018
   3.5407875542995272E+018
   4.0050835077650079E+018
   4.5302616037195674E+018
   5.1243051882302874E+018
   5.7962444465821635E+018
   6.5562936730817915E+018
   7.4160065407591680E+018
   8.3884517312555500E+018
   9.4884115946856940E+018
   1.0732606859345971E+019
   1.2139950807129364E+019
   1.3731836778422899E+019
   1.5532463376911809E+019
   1.7569202317799102E+019
   1.9873014511181099E+019
   2.2478920705552466E+019
   2.5426533845794693E+019
   2.8760661238137225E+019
   3.2531985675731259E+019
   3.6797835878773764E+019
   4.1623057960808980E+019
   4.7081001168555581E+019
   5.3254632879704203E+019
   6.0237799808008643E+019
   6.8136654587522540E+019
   7.7071269421797851E+019
   8.7177461327476212E+019
   9.8608856718196867E+019
   1.1153922671300826E+020
   1.2616512866881303E+020
   1.4270889409135336E+020
   1.6142200834461932E+020
   1.8258893353437551E+020
   2.0653143267828682E+020
   2.3361346089529098E+020
   2.6424669796624758E+020
   2.9889680636751688E+020
   3.3809050990719389E+020
   3.8242360056788032E+020
   4.3256999526974842E+020
   4.8929198022771317E+020
   5.5345179862940818E+020
   6.2602475778076901E+020
   7.0811405496378524E+020
   8.0096754737749767E+020
   9.0599672108575005E+020
   1.0247981473227797E+021
   1.1591777523186004E+021
   1.3111782695750530E+021
   1.4831102919005218E+021
   1.6775873952320282E+021
   1.8975658681695315E+021
   2.1463896511597031E+021
   2.4278411684594424E+021
   2.7461988255868455E+021
   3.1063020462907693E+021
   3.5136248376802306E+021
   3.9743590017929010E+021
   4.4955082585199409E+021
   5.0849947106700983E+021
   5.7517792695715900E+021
   6.5059978718274482E+021
   7.3591155578847531E+021
   8.3241007545994717E+021
   9.4156224111039585E+021
   1.0650272984682159E+022
   1.2046820666309136E+022
   1.3626494679990021E+022
   1.5413307992795479E+022
   1.7434422341178866E+022
   1.9720561122419275E+022
   2.2306476427642753E+022
   2.5231477315891909E+022
   2.8540027359652506E+022
   3.2282420545256163E+022
   3.6515545802667584E+022
   4.1303751786439461E+022
   4.6719825053557658E+022
   5.2846096507670161E+022
   5.9775692928998386E+022
   6.7613952614708227E+022
   7.6480026649196937E+022
   8.6508690145552647E+022
   9.7852390991260453E+022
   1.1068356724158260E+023
   1.2519726838781184E+023
   1.4161412034686488E+023
   1.6018367924366532E+023
   1.8118822496788896E+023
   2.0494705217174996E+023
   2.3182132393721514E+023
   2.6221956189429377E+023
   2.9660385624688084E+023
   3.3549689010610302E+023
   3.7948988490958048E+023
   4.2925158770664539E+023
   4.8553843692718722E+023
   5.4920606116618089E+023
   6.2122228577941342E+023
   7.0268184500649012E+023
   7.9482302326329014E+023
   8.9904647857176641E+023
   1.0169365342661245E+024
   1.1502852626352230E+024
   1.3011197266018662E+024
   1.4717327935456325E+024
   1.6647179896769114E+024
   1.8830089247909462E+024
   2.1299238867061861E+024
   2.4092162832766401E+024
   2.7251316987582054E+024
   3.0824724318551543E+024
   3.4866704965036220E+024
   3.9438701950928155E+024
   4.4610215193373908E+024
   5.0459857986078915E+024
   5.7076552017024274E+024
   6.4560879086319158E+024
   7.3026610071945105E+024
   8.2602434385531534E+024
   9.3433916207994999E+024
   1.0568570724220375E+025
   1.1954404961920075E+025
   1.3521960700520492E+025
   1.5295066694566198E+025
   1.7300676312587071E+025
   1.9569277261095366E+025
   2.2135355034820510E+025
   2.5037917138189093E+025
