   1.0049875761080900E-006
   1.0049875761080900E-006
   1.0433284215365550E-006
   1.0847100038523666E-006
   1.1278575089906104E-006
   1.1723907194531271E-006
   1.2180099128356251E-006
   1.2645324283705896E-006
   1.3117443543652389E-006
   1.3594694786198601E-006
   1.4076040028381795E-006
   1.4560089822565321E-006
   1.5045185971812305E-006
   1.5530339563867554E-006
   1.6013279776365247E-006
   1.6492302299853179E-006
   1.6967869499671155E-006
   1.7437771442172426E-006
   1.7901274944453507E-006
   1.8357923919128700E-006
   1.8807170209439909E-006
   1.9247476551684356E-006
   1.9679163259557743E-006
   2.0101003139296447E-006
   2.0511869857554768E-006
   2.0911878110016889E-006
   2.1300481579332038E-006
   2.1675949184800053E-006
   2.2036871687903628E-006
   2.2382462070927552E-006
   2.2712464194706347E-006
   2.3026469898755363E-006
   2.3324729629597113E-006
   2.3607062828987200E-006
   2.3873066916353448E-006
   2.4122927764810637E-006
   2.4356832810643585E-006
   2.4574737504885373E-006
   2.4777325834301815E-006
   2.4965213967768421E-006
   2.5137925245813398E-006
   2.5295663512258384E-006
   2.5439393894279375E-006
   2.5570196102524167E-006
   2.5687581570329767E-006
   2.5792561221223055E-006
   2.5884036979800047E-006
   2.5959945100686592E-006
   2.6025339823818085E-006
   2.6081779008114692E-006
   2.6135776722618197E-006
   2.6189808855092975E-006
   2.6244166185525901E-006
   2.6298302417079985E-006
   2.6352403476039909E-006
   2.6406686263931824E-006
   2.6461286392967357E-006
   2.6515803567592198E-006
   2.6570056502239166E-006
   2.6624162248315451E-006
   2.6678034354836316E-006
   2.6731789129234788E-006
   2.6785248703804907E-006
   2.6838805474501350E-006
   2.6892166189951078E-006
   2.6945199786060195E-006
   2.6998413596378338E-006
   2.7051159622090611E-006
   2.7103705050231295E-006
   2.7156065996393199E-006
   2.7208026935887804E-006
   2.7259674490221882E-006
   2.7311642143038610E-006
   2.7362704396534207E-006
   2.7413844039526571E-006
   2.7464626046291987E-006
   2.7515090765008537E-006
   2.7565493809320363E-006
   2.7615812773361117E-006
   2.7665855789326065E-006
   2.7715780226117102E-006
   2.7765506779645913E-006
   2.7814655102026632E-006
   2.7863767923121729E-006
   2.7912656213898753E-006
   2.7961697525427914E-006
   2.8010375943690465E-006
   2.8058903081036481E-006
   2.8107433108296995E-006
   2.8155903734141092E-006
   2.8203851190032323E-006
   2.8251970844849493E-006
   2.8300211607679655E-006
   2.8348381771939767E-006
   2.8396429490982068E-006
   2.8444387542991081E-006
   2.8492421558104143E-006
   2.8540299287416682E-006
   2.8588242433471311E-006
   2.8636067314734846E-006
   2.8684389676628803E-006
   2.8732350881882104E-006
   2.8780778510051328E-006
   2.8829295872167755E-006
   2.8877414457433411E-006
   2.8926023614713586E-006
   2.8974648776184672E-006
   2.9023459402337073E-006
   2.9072432485504605E-006
   2.9121774144952283E-006
   2.9171292834831506E-006
   2.9220557962381549E-006
   2.9270388637054257E-006
   2.9320355591123093E-006
   2.9370644828281368E-006
   2.9421151426178363E-006
   2.9472143270329935E-006
   2.9523500315091778E-006
   2.9575020470416930E-006
   2.9626992008043693E-006
   2.9679500347195333E-006
   2.9732275806685032E-006
   2.9785401237790330E-006
   2.9838919394488123E-006
   2.9893118626917048E-006
   2.9947922310109517E-006
   3.0003213898006078E-006
   3.0059340351543372E-006
   3.0115857905260439E-006
   3.0172813446801602E-006
   3.0230845095147965E-006
   3.0289683523822360E-006
   3.0349317254288415E-006
   3.0410151272204002E-006
   3.0471740104292235E-006
   3.0534312186451492E-006
   3.0597560946242511E-006
   3.0662421761345254E-006
   3.0727967257938612E-006
   3.0794564644124017E-006
   3.0862457402203011E-006
   3.0931418145521769E-006
   3.1001973697560769E-006
   3.1074096282745508E-006
   3.1147601820589878E-006
   3.1222572943141667E-006
   3.1299782478998803E-006
   3.1378346954743097E-006
   3.1458511463505004E-006
   3.1540549720170234E-006
   3.1624634443015481E-006
   3.1711035065103588E-006
   3.1799075756071836E-006
   3.1889571629592001E-006
   3.1982724824010971E-006
   3.2077250328521160E-006
   3.2174470389367041E-006
   3.2273764698875536E-006
   3.2376077619043447E-006
   3.2481192330457284E-006
   3.2588129164474467E-006
   3.2697767691707694E-006
   3.2810486201440860E-006
   3.2925659804421426E-006
   3.3043312051025900E-006
   3.3163162955669431E-006
   3.3285934262510850E-006
   3.3411171905708599E-006
   3.3538982689860351E-006
   3.3669159033674697E-006
   3.3800863509639314E-006
   3.3935875602336890E-006
   3.4073236001508422E-006
   3.4212552632374235E-006
   3.4354669558341746E-006
   3.4498127705404781E-006
   3.4643956005191198E-006
   3.4791837623989545E-006
   3.4941713220762430E-006
   3.5094509484909525E-006
   3.5249253330455380E-006
   3.5405331222588875E-006
   3.5564026668269211E-006
   3.5724892942384322E-006
   3.5886475571501293E-006
   3.6051466202241263E-006
   3.6218897587609586E-006
   3.6389075729505844E-006
   3.6561841712565545E-006
   3.6737368256901181E-006
   3.6914822040457821E-006
   3.7095049204588359E-006
   3.7278961471434531E-006
   3.7465220919549033E-006
   3.7655565016173918E-006
   3.7848388342075906E-006
   3.8046781079218104E-006
   3.8248672529026532E-006
   3.8457515320177238E-006
   3.8670895581659899E-006
   3.8890856102167031E-006
   3.9115238498425964E-006
   3.9346772296756037E-006
   3.9586286580697524E-006
   3.9833672375377926E-006
   4.0092826495481378E-006
   4.0363554893995258E-006
   4.0646776183311087E-006
   4.0939432264778644E-006
   4.1244896857132075E-006
   4.1562001054243711E-006
   4.1894839209444142E-006
   4.2240264066144402E-006
   4.2604134302506503E-006
   4.2986393242651346E-006
   4.3383603452111114E-006
   4.3799545781100929E-006
   4.4233224421166800E-006
   4.4686785436361360E-006
   4.5155686612957578E-006
   4.5643039832220406E-006
   4.6145695386215656E-006
   4.6666080367744027E-006
   4.7202498415103314E-006
   4.7755471627123556E-006
   4.8329054079976758E-006
   4.8913209288466151E-006
   4.9513650648290183E-006
   5.0124203747716090E-006
   5.0748529092758698E-006
   5.1385681346962704E-006
   5.2037905739920141E-006
   5.2696870250346432E-006
   5.3367111207812640E-006
   5.4047857759514137E-006
   5.4735634364754611E-006
   5.5434225596816544E-006
   5.6143499812261854E-006
   5.6855388126573278E-006
   5.7576476317826968E-006
   5.8312231796525166E-006
   5.9042297616057573E-006
   5.9793608073551326E-006
   6.0546622989281618E-006
   6.1314363689158392E-006
   6.2086940462878101E-006
   6.2739375816171279E-006
   6.2792552192534793E-006
   6.2794782522830590E-006
   6.4488588261284565E-006
   6.6122953376192909E-006
   6.7753434693541370E-006
   6.9318795922668808E-006
   7.0791666914760032E-006
   7.2143868763167109E-006
   7.3402802217332832E-006
   7.4574931898567831E-006
   7.5619787100292115E-006
   7.6555602561523743E-006
   7.7417830896734379E-006
   7.8225656127952958E-006
   7.8914979789064691E-006
   7.9554171994434382E-006
   8.0134379120979336E-006
   8.0643356424234779E-006
   8.1106294723326215E-006
   8.1490498629325503E-006
   8.1809059956348374E-006
   8.2050751430983225E-006
   8.2271278243256203E-006
   8.2460969132549093E-006
   8.2629421537402831E-006
   8.2781204098897016E-006
   8.2923495488582773E-006
   8.3055888962984208E-006
   8.3169600789486604E-006
   8.3272238841201037E-006
   8.3374526687419984E-006
   8.3463353901187226E-006
   8.3545786376322092E-006
   8.3618083997978591E-006
   8.3683140658651625E-006
   8.3747095619740200E-006
   8.3801544528357032E-006
   8.3852681358052193E-006
   8.3897241194010399E-006
   8.3940790521445162E-006
   8.3980792546581730E-006
   8.4015905948970652E-006
   8.4049902122447041E-006
   8.4074495988196821E-006
   8.4095070192919569E-006
   8.4118817190353723E-006
   8.4139224033212560E-006
   8.4160485304371444E-006
   8.4177175355417552E-006
   8.4190785069651807E-006
   8.4205615607048777E-006
   8.4217597111740505E-006
   8.4229449230428792E-006
   9.0744264054553021E-006
   9.0744264054553021E-006
   9.0744264054553021E-006
   9.0744264054553021E-006
   9.0744264054553021E-006
   9.0744264054553021E-006
   9.0744264054553021E-006
   9.0744264054553021E-006
   9.0744264054553021E-006
   9.0744264054553021E-006
   9.0744264054553021E-006
   9.0744264054553021E-006
   9.0744264054553021E-006
   9.0744264054553021E-006
   9.0744264054553021E-006
   9.0744264054553021E-006
   9.0744264054553021E-006
   9.0744264054553021E-006
   9.0744264054553021E-006
   9.0744264054553021E-006
   9.0744264054553021E-006
   9.0744264054553021E-006
   9.0744264054553021E-006
   9.0744264054553021E-006
   9.0744264054553021E-006
   9.0744264054553021E-006
   9.0744264054553021E-006
   9.0744264054553021E-006
   9.0744264054553021E-006
   9.0744264054553021E-006
   9.0744264054553021E-006
   9.0744264054553021E-006
   9.0744264054553021E-006
   9.0744264054553021E-006
   9.0744264054553021E-006
   9.0744264054553021E-006
   9.0744264054553021E-006
   9.0744264054553021E-006
   9.0744264054553021E-006
   9.0744264054553021E-006
   9.0744264054553021E-006
   9.0744264054553021E-006
   9.0744264054553021E-006
   9.0744264054553021E-006
   9.0744264054553021E-006
   9.0744264054553021E-006
   9.0744264054553021E-006
   9.0744264054553021E-006
   9.0744264054553021E-006
   9.0744264054553021E-006
   9.0744264054553021E-006
   9.0744264054553021E-006
   9.0744264054553021E-006
   9.0744264054553021E-006
   9.0744264054553021E-006
   9.0744264054553021E-006
   9.0744264054553021E-006
   9.0744264054553021E-006
   9.0744264054553021E-006
   9.0744264054553021E-006
   9.0744264054553021E-006
   9.0744264054553021E-006
   9.0744264054553021E-006
   9.0744264054553021E-006
   9.0744264054553021E-006
   9.0744264054553021E-006
   9.0744264054553021E-006
   9.0744264054553021E-006
   9.0744264054553021E-006
   9.0744264054553021E-006
   9.0744264054553021E-006
   9.0744264054553021E-006
   9.0744264054553021E-006
   9.0744264054553021E-006
   9.0744264054553021E-006
   9.0744264054553021E-006
   9.0744264054553021E-006
   9.0744264054553021E-006
   9.0744264054553021E-006
   9.0744264054553021E-006
   9.0744264054553021E-006
   9.0744264054553021E-006
   9.0744264054553021E-006
   9.0744264054553021E-006
   9.0744264054553021E-006
   9.0744264054553021E-006
   9.0744264054553021E-006
   9.0744264054553021E-006
   9.0744264054553021E-006
   9.0744264054553021E-006
   9.0744264054553021E-006
   9.0744264054553021E-006
   9.0744264054553021E-006
   9.0744264054553021E-006
   9.0744264054553021E-006
   9.0744264054553021E-006
   9.0744264054553021E-006
   9.0744264054553021E-006
   9.0744264054553021E-006
   9.0744264054553021E-006
   9.0744264054553021E-006
   9.0744264054553021E-006
   9.0744264054553021E-006
   9.0744264054553021E-006
   9.0744264054553021E-006
   9.0744264054553021E-006
   9.0744264054553021E-006
   9.0744264054553021E-006
   9.0744264054553021E-006
   9.0744264054553021E-006
   9.0744264054553021E-006
   9.0744264054553021E-006
   9.0744264054553021E-006
   9.0744264054553021E-006
   9.0744264054553021E-006
   9.0744264054553021E-006
   9.0744264054553021E-006
   9.0744264054553021E-006
   9.0744264054553021E-006
   9.0744264054553021E-006
   9.0744264054553021E-006
   9.0744264054553021E-006
   9.0744264054553021E-006
   9.0744264054553021E-006
   9.0744264054553021E-006
   9.0744264054553021E-006
   9.0744264054553021E-006
   9.0744264054553021E-006
   9.0744264054553021E-006
   9.0744264054553021E-006
   9.0744264054553021E-006
   9.0744264054553021E-006
   9.0744264054553021E-006
   9.0744264054553021E-006
   9.0744264054553021E-006
   9.0744264054553021E-006
   9.0744264054553021E-006
   9.0744264054553021E-006
   9.0744264054553021E-006
   9.0744264054553021E-006
   9.0744264054553021E-006
   9.0744264054553021E-006
   9.0744264054553021E-006
   9.0744264054553021E-006
   9.0744264054553021E-006
   9.0744264054553021E-006
   9.0744264054553021E-006
   9.0744264054553021E-006
   9.0744264054553021E-006
   9.0744264054553021E-006
   9.0744264054553021E-006
   9.0744264054553021E-006
   9.0744264054553021E-006
   9.0744264054553021E-006
   9.0744264054553021E-006
   9.0744264054553021E-006
   9.0744264054553021E-006
   9.0744264054553021E-006
   9.0744264054553021E-006
   9.0744264054553021E-006
   9.0744264054553021E-006
   9.0744264054553021E-006
   9.0744264054553021E-006
   9.0744264054553021E-006
   9.0744264054553021E-006
   9.0744264054553021E-006
   9.0744264054553021E-006
   9.0744264054553021E-006
   9.0744264054553021E-006
   9.0744264054553021E-006
   9.0744264054553021E-006
   9.0744264054553021E-006
   9.0744264054553021E-006
   9.0744264054553021E-006
   9.0744264054553021E-006
   9.0744264054553021E-006
   9.0744264054553021E-006
   9.0744264054553021E-006
   9.0744264054553021E-006
   9.0744264054553021E-006
   9.0744264054553021E-006
   9.0744264054553021E-006
   9.0744264054553021E-006
   9.0744264054553021E-006
   9.0744264054553021E-006
   9.0744264054553021E-006
   9.0744264054553021E-006
   9.0744264054553021E-006
   9.0744264054553021E-006
   9.0744264054553021E-006
   9.0744264054553021E-006
   9.0744264054553021E-006
   9.0744264054553021E-006
   9.0744264054553021E-006
   9.0744264054553021E-006
   9.0744264054553021E-006
   9.0744264054553021E-006
   9.0744264054553021E-006
   9.0744264054553021E-006
   9.0744264054553021E-006
   9.0744264054553021E-006
   9.0744264054553021E-006
   9.0744264054553021E-006
   9.0744264054553021E-006
   9.0744264054553021E-006
   9.0744264054553021E-006
   9.0744264054553021E-006
   9.0744264054553021E-006
   9.0744264054553021E-006
   9.0744264054553021E-006
   9.0744264054553021E-006
   9.0744264054553021E-006
   9.0744264054553021E-006
   9.0744264054553021E-006
   9.0744264054553021E-006
   9.0744264054553021E-006
   9.0744264054553021E-006
   9.0744264054553021E-006
   9.0744264054553021E-006
   9.0744264054553021E-006
   9.0744264054553021E-006
   9.0744264054553021E-006
   9.0744264054553021E-006
   9.0744264054553021E-006
   9.0744264054553021E-006
   9.0744264054553021E-006
   9.0744264054553021E-006
   9.0744264054553021E-006
   9.0744264054553021E-006
   9.0744264054553021E-006
   9.0744264054553021E-006
   9.0744264054553021E-006
   9.0744264054553021E-006
   9.0744264054553021E-006
   9.0744264054553021E-006
   9.0744264054553021E-006
   9.0744264054553021E-006
   9.0744264054553021E-006
   9.0744264054553021E-006
   9.0744264054553021E-006
   9.0744264054553021E-006
   9.0744264054553021E-006
   9.0744264054553021E-006
   9.0744264054553021E-006
   9.0744264054553021E-006
   9.0744264054553021E-006
   9.0744264054553021E-006
   9.0744264054553021E-006
   9.0744264054553021E-006
   9.0744264054553021E-006
   9.0744264054553021E-006
   9.0744264054553021E-006
   9.0744264054553021E-006
   9.0744264054553021E-006
   9.0744264054553021E-006
   9.0744264054553021E-006
   9.0744264054553021E-006
   9.0744264054553021E-006
   9.0744264054553021E-006
   9.0744264054553021E-006
   9.0744264054553021E-006
   9.0744264054553021E-006
   9.0744264054553021E-006
   9.0744264054553021E-006
   9.0744264054553021E-006
   9.0744264054553021E-006
   9.0744264054553021E-006
   9.0744264054553021E-006
   9.0744264054553021E-006
   9.0744264054553021E-006
   9.0744264054553021E-006
   9.0744264054553021E-006
   9.0744264054553021E-006
   9.0744264054553021E-006
   9.0744264054553021E-006
   9.0744264054553021E-006
   9.0744264054553021E-006
   9.0744264054553021E-006
   9.0744264054553021E-006
   9.0744264054553021E-006
   9.0744264054553021E-006
   9.0744264054553021E-006
   9.0744264054553021E-006
   9.0744264054553021E-006
   9.0744264054553021E-006
   9.0744264054553021E-006
   9.0744264054553021E-006
   9.0744264054553021E-006
   9.0744264054553021E-006
   9.0744264054553021E-006
   9.0744264054553021E-006
   9.0744264054553021E-006
   9.0744264054553021E-006
   9.0744264054553021E-006
   9.0744264054553021E-006
   9.0744264054553021E-006
   9.0744264054553021E-006
   9.0744264054553021E-006
   9.0744264054553021E-006
   9.0744264054553021E-006
   9.0744264054553021E-006
