   4.0632770917336937E-006   0.0000000000000000     
   5.4143208974803480E-006   0.0000000000000000     
   7.2145881560798296E-006   0.0000000000000000     
   9.6134461269316134E-006   0.0000000000000000     
   1.2809926836576842E-005   0.0000000000000000     
   1.7069240664775704E-005   0.0000000000000000     
   2.2744780714914020E-005   0.0000000000000000     
   3.0307443660167208E-005   0.0000000000000000     
   4.0384699801124538E-005   0.0000000000000000     
   5.3812653957696100E-005   0.0000000000000000     
   7.1705416661042262E-005   0.0000000000000000     
   9.5547541338059840E-005   0.0000000000000000     
   1.2731719695463739E-004   0.0000000000000000     
   1.6965029568928388E-004   0.0000000000000000     
   2.2605919322678841E-004   0.0000000000000000     
   3.0122410712411389E-004   0.0000000000000000     
   4.0138143208222023E-004   0.0000000000000000     
   5.3484117044454453E-004   0.0000000000000000     
   7.1267640886759774E-004   0.0000000000000000     
   9.4964204669258610E-004   0.0000000000000000     
   1.2653990024440751E-003   0.0000000000000000     
   1.6861454702466480E-003   0.0000000000000000     
   2.2467905706753098E-003   0.0000000000000000     
   2.9938507427458524E-003   0.0000000000000000     
   3.9893091892164532E-003   0.0000000000000000     
   5.3157585914154655E-003   0.0000000000000000     
   7.0832537820307165E-003   0.0000000000000000     
   9.4384429386385402E-003   0.0000000000000000     
   1.2576734908458401E-002   0.0000000000000000     
   1.6758512181083561E-002   0.0000000000000000     
   2.2330734691294457E-002   0.0000000000000000     
   2.9755726908493374E-002   0.0000000000000000     
   3.9649536662938696E-002   0.0000000000000000     
   5.2833048321094415E-002   0.0000000000000000     
   7.0400091144273494E-002   0.0000000000000000     
   9.3808193746473326E-002   0.0000000000000000     
  0.12499951450264125        0.0000000000000000     
  0.16656198144187623        0.0000000000000000     
  0.22194401132060174        0.0000000000000000     
  0.29574062300807191        0.0000000000000000     
  0.39407468386638045        0.0000000000000000     
  0.52510492094334005       0.11534257655611042     
  0.69970284640869085       0.32709294701584918     
  0.93235476139301121       0.27849971044894989     
   1.2423636770293720       0.23782746058876358     
   1.6554508754756401       0.20531321056336288     
   2.2058899916214054       0.18009976444621109     
   2.9393506791540505       0.16179078034492009     
   3.9166877985120365       0.14528427152601991     
   5.2189905137239574       0.13246562500676934     
   6.9543102191316919       0.11977706137164937     
   9.2666255086581764       0.11111008066581783     
   12.347788006563231       0.10394839860841901     
   16.453440199193327        9.7629624064108911E-002
   21.924225962134859        9.3204541098973359E-002
   29.214053609427793        8.8307580904648603E-002
   38.927756435667369        8.4635843372433767E-002
   51.871275427029779        8.2107689611125231E-002
   69.118527775248495        8.0411500266536873E-002
   92.100509241157710        7.6665862131541140E-002
   122.72402314561722        7.4869949238272462E-002
   163.52988687184671        7.3274028235232547E-002
   217.90374219225566        7.2292922643080834E-002
   290.35696024543336        7.0863067516629324E-002
   386.90094770646141        7.0995761658743495E-002
   515.54591014324524        7.0815975466076098E-002
   686.96545470102581        7.0139776499160797E-002
   915.38217386200006        7.0616587006566742E-002
   1219.7476867144564        7.0055649810153955E-002
   1625.3150451557306        7.1218240713927489E-002
   2165.7339667724109        7.1647565032984695E-002
   2885.8427348048995        7.2121654426653595E-002
   3845.3884077173038        7.3252513517352777E-002
   5123.9840022697263        7.4598727449755764E-002
   6827.7139450528530        7.6824712649632962E-002
   9097.9358434412316        7.7498618613222284E-002
   12123.008854427357        8.0579502960135982E-002
   16153.921748137405        8.2383774844047700E-002
   21525.117318515087        8.7030425785473375E-002
   28682.240931943445        8.9383200101788143E-002
   38219.115496779363        9.1865307472914395E-002
   50927.010648229239        9.6186345165692702E-002
   67860.293987792626       0.10096118667967345     
   90423.911427241081       0.10472760763617001     
   120489.95483680644       0.10880011675661901     
   160552.98855610055       0.11532791127563596     
   213937.02212942560       0.12295883772972389     
   285071.30168812518       0.12815639227028588     
   379857.80225078925       0.13799542582326704     
   506160.91159066890       0.14424489961177703     
   674459.93449188024       0.15428891213496271     
   898718.55534088309       0.15400984928549893     
   1197543.3979225163       0.12807461719967242     
   1595727.8075379776        7.1587059043596760E-002
   2126308.9422624172        1.9478881724707311E-002
   2833308.8491581720        1.4364219363722933E-003
   3775386.9511438375        1.4377221811145411E-005
   5030706.9894982157        3.1497515361316698E-016
   6703422.2297448562        0.0000000000000000     
   8932317.0051531065        0.0000000000000000     
   11902321.582327656        0.0000000000000000     
   15859855.731431741        0.0000000000000000     
   21133274.049266435        0.0000000000000000     
   28160109.373269815        0.0000000000000000     
   37523374.658648454        0.0000000000000000     
   49999935.266935006        0.0000000000000000     
   66624965.090166487        0.0000000000000000     
   88777834.402544767        0.0000000000000000     
   118296555.51097512        0.0000000000000000     
   157630281.70193860        0.0000000000000000     
   210042512.24480730        0.0000000000000000     
   279881863.26744068        0.0000000000000000     
   372942870.22598165        0.0000000000000000     
   496946757.56638557        0.0000000000000000     
   662182064.79213011        0.0000000000000000     
   882358281.35732234        0.0000000000000000     
   1175743316.0383906        0.0000000000000000     
   1566679176.0399857        0.0000000000000000     
   2087601610.9601123        0.0000000000000000     
   2781731290.4477043        0.0000000000000000     
   3706659801.1950464        0.0000000000000000     
   4939127991.6127462        0.0000000000000000     
   6581393121.0162401        0.0000000000000000     
   8769713092.4555302        0.0000000000000000     
   11685651701.673561        0.0000000000000000     
   15571142892.953049        0.0000000000000000     
   20748563895.502522        0.0000000000000000     
   27647482698.304775        0.0000000000000000     
   36840299087.820251        0.0000000000000000     
   49089736367.328346        0.0000000000000000     
   65412124121.720345        0.0000000000000000     
   87161722566.574142        0.0000000000000000     
   116143084829.89278        0.0000000000000000     
   154760779807.90973        0.0000000000000000     
   206218898024.20563        0.0000000000000000     
   274786893391.86264        0.0000000000000000     
   366153817634.54047        0.0000000000000000     
   487900338016.33582        0.0000000000000000     
   650127701451.55261        0.0000000000000000     
   866295829826.88269        0.0000000000000000     
