  -5.5490283857511580E+019
  -5.5490283857511578E+018
  -5.0852938462421197E+018
  -4.6603137891729009E+018
  -4.2708494868205952E+018
  -3.9139328732439173E+018
  -3.5868439249689912E+018
  -3.2870899319803387E+018
  -3.0123865010435092E+018
  -2.7606401465877002E+018
  -2.5299323364753336E+018
  -2.3185048710730998E+018
  -2.1247464841999350E+018
  -1.9471805638391718E+018
  -1.7844538990357304E+018
  -1.6353263672196493E+018
  -1.4986614833641426E+018
  -1.3734177389543316E+018
  -1.2586406647618527E+018
  -1.1534555569365883E+018
  -1.0570608109818472E+018
  -9.6872181281192512E+017
  -8.8776534033644902E+017
  -8.1357443290657472E+017
  -7.4558368952363469E+017
  -6.8327495997838323E+017
  -6.2617339608347430E+017
  -5.7384383290603296E+017
  -5.2588747242207814E+017
  -4.8193884431928410E+017
  -4.4166302078668064E+017
  -4.0475306406549926E+017
  -3.7092768730922611E+017
  -3.3992911092652275E+017
  -3.1152109807043258E+017
  -2.8548715430254781E+017
  -2.6162887771196656E+017
  -2.3976444691547462E+017
  -2.1972723541616173E+017
  -2.0136454176064624E+017
  -1.8453642581757357E+017
  -1.6911464230878874E+017
  -1.5498166346573930E+017
  -1.4202978336287686E+017
  -1.3016029710227690E+017
  -1.1928274859413150E+017
  -1.0931424120052875E+017
  -1.0017880598901019E+017
  -91806822781432816.     
  -84134489586011168.     
  -77103336369137584.     
  -70659779461487640.     
  -64754713202586624.     
  -59343135711804624.     
  -54383805933820288.     
  -49838929344933440.     
  -45673869925027848.     
  -41856886200153400.     
  -38358889344135736.     
  -35153221495732224.     
  -32215452601912468.     
  -29523194239027772.     
  -27055928993020524.     
  -24794854098398376.     
  -22722738144362208.     
  -20823789756060920.     
  -19083537250206648.     
  -17488718347918718.     
  -16027179104309766.     
  -14687781284566974.     
  -13460317480651668.     
  -12335433321730486.     
  -11304556185512200.     
  -10359829867206848.     
  -9494054708226324.0     
  -8700632728353543.0     
  -7973517343238397.0     
  -7307167284022859.0     
  -6696504367921531.0     
  -6136874797931868.0     
  -5624013696743193.0     
  -5154012604561236.0     
  -4723289693152586.0     
  -4328562469113454.0     
  -3966822758337275.0     
  -3635313781040433.5     
  -3331509142637338.0     
  -3053093580356525.0     
  -2797945318869847.5     
  -2564119900468795.5     
  -2349835366559550.5     
  -2153458677546446.0     
  -1973493267611250.5     
  -1808567639544562.5     
  -1657424912711743.5     
  -1518913244499553.8     
  -1391977052246352.8     
  -1275648968759133.2     
  -1169042470111241.2     
  -1071345119538008.0     
  -981812375942759.62     
  -899761919828457.88     
  -824568453413537.88     
  -755658935304153.62     
  -692508213406787.50     
  -634635022800113.12     
  -581598318066320.50     
  -532993912130990.88     
  -488451395996478.94     
  -447631315894417.69     
  -410222586344726.31     
  -375940119406322.50     
  -344522652052303.12     
  -315730755112262.56     
  -289345008608101.12     
  -265164329577757.19     
  -243004439643382.97     
  -222696460645466.62     
  -204085627640376.78     
  -187030109453220.91     
  -171399927797577.12     
  -157075966724825.78     
  -143949064854199.50     
  -131919183465535.02     
  -120894644114847.05     
  -110791429962678.22     
  -101532545490719.34     
  -93047429727170.141     
  -85271418509093.125     
  -78145251683719.438     
  -71614621493140.234     
  -65629758700671.414     
  -60145053304805.023     
  -55118706950248.547     
  -50512414387114.172     
  -46291071550691.250     
  -42422508037110.695     
  -38877241936125.531     
  -35628255152614.945     
  -32650787504560.758     
  -29922148028339.141     
  -27421542053305.051     
  -25129912727823.457     
  -23029795789034.000     
  -21105186469564.973     
  -19341417526906.844     
  -17725047465920.387     
  -16243758102634.541     
  -14886260688679.297     
  -13642209880937.445     
  -12502124900787.217     
  -11457317282098.793     
  -10499824657360.000     
  -9622350077321.8887     
  -8818206401726.4160     
  -8081265337322.9844     
  -7405910734798.9121     
  -6786995788703.8643     
  -6219803814194.2109     
  -5700012301680.3477     
  -5223659975441.9346     
  -4787116605167.6660     
  -4387055340357.0659     
  -4020427356747.3330     
  -3684438621548.5288     
  -3376528600417.5405     
  -3094350743898.6484     
  -2835754604620.2910     
  -2598769448964.7515     
  -2381589238317.3569     
  -2182558865438.6113     
  -2000161541068.3708     
  -1833007234636.4919     
  -1679822080988.0417     
  -1539438672392.6934     
  -1410787161854.8169     
  -1292887109923.5752     
  -1184840012868.3257     
  -1085822455277.4774     
  -995079834897.36560     
  -911920611888.92419     
  -835711038676.24878     
  -765870330223.88391     
  -701866237935.94434     
  -643210993446.30896     
  -589457591387.86877     
  -540196382812.27747     
  -495051953298.96820     
  -453680261961.85968     
  -415766019550.43982     
  -381020285663.97809     
  -349178266767.53558     
  -319997298228.64600     
  -293254994996.02209     
  -268747556826.77246     
  -246288215146.47757     
  -225705809705.78244     
  -206843484186.38275     
  -189557490815.73773     
  -173716094880.61371     
  -159198570790.87820     
  -145894282042.63956     
  -133701838069.24553     
  -122528321554.57709     
  -112288580320.08806     
  -102904578389.12450     
  -94304801283.065994     
  -86423711017.103210     
  -79201246642.242386     
  -72582366527.213104     
  -66516628892.061752     
  -60957807396.723923     
  -55863538855.011597     
  -51195000389.287598     
  -46916613565.451241     
  -42995773253.485077     
  -39402599147.232742     
  -36109708049.771294     
  -33092005188.984791     
  -30326492972.981331     
  -27792095727.895763     
  -25469499082.425114     
  -23341002775.063866     
  -21390385762.296799     
  -19602782599.755676     
  -17964570154.251476     
  -16463263783.328711     
  -15087422191.135376     
  -13826560235.527018     
  -12671069021.915531     
  -11612142674.907896     
  -10641711229.667994     
  -9752379131.5748787     
  -8937368875.4890919     
  -8190469355.1082153     
  -7505988528.7878819     
  -6878710041.0988274     
  -6303853469.5382729     
  -5777037893.4393396     
  -5294248507.4416933     
  -4851806025.0876265     
  -4446338639.3722115     
  -4074756326.5613480     
  -3734227297.4502983     
  -3422156416.5999112     
  -3136165425.0859871     
  -2874074816.0415492     
  -2633887224.8672156     
  -2413772207.5285225     
  -2212052290.9369535     
  -2027190189.1063673     
  -1857777087.6602771     
  -1702521907.4076812     
  -1560241465.1661000     
  -1429851456.8486753     
  -1310358194.0982671     
  -1200851031.4943750     
  -1100495426.6214681     
  -1008526580.1101460     
  -924243607.18268180     
  -847004196.28480065     
  -776219714.09780264     
  -711350719.62675345     
  -651902853.17817056     
  -597423068.89746916     
  -547496182.15480113     
  -501741705.46723229     
  -459810948.84418190     
  -421384362.45817572     
  -386169101.38965577     
  -353896793.88706827     
  -324321496.13433719     
  -297217817.93926209     
  -272379205.05887592     
  -249616365.07158056     
  -228755824.79976833     
  -209638608.28922981     
  -192119025.27034366     
  -176063560.86806357     
  -161349858.09928250     
  -147865785.40330333     
  -135508582.09916851     
  -124184075.25745860     
  -113805962.01843670     
  -104295151.88714927     
  -95579163.993195742     
  -87591574.721737340     
  -80271511.506209701     
  -73563188.924978539     
  -67415483.566588327     
  -61781544.423691243     
  -56618435.846512869     
  -51886810.334842317     
  -47550608.674925216     
  -43576785.136039935     
  -39935055.632504411     
  -36597666.931887761     
  -33539185.150582731     
  -30736301.924890205     
  -28167656.780462731     
   0.0000000000000000     
   281676567.80462730     
   724447854.42516184     
   1863217440.7394879     
   4792034665.1181021     
   12324700128.708319     
   31698066453.540401     
   81524694832.341400     
   209674488418.64783     
   539264712171.37390     
   1386942359971.9707     
   3567096207981.2642     
   9174263995550.2461     
   23595416258111.656     
   60685376904740.664     
   156077558869273.69     
   401418028940158.19     
   1032412571836575.4     
   2655276150152963.0     
   6829141397444346.0     
   17563963064105924.     
   45172999146382256.     
   1.1618106030120662E+017
   2.9880767333983002E+017
   7.6850758131560333E+017
   1.9765352607523991E+018
   5.0834783312218122E+018
   1.3074268118123291E+019
   3.3625890716345655E+019
   8.6482892675289891E+019
   2.2242654591897551E+020
   5.7206190495038603E+020
   1.4712939129786875E+021
   3.7840411319748474E+021
   9.7322276413746729E+021
   2.5030450663760599E+022
   6.4376161709104592E+022
   1.6556993927388368E+023
   4.2583161318361716E+023
   1.0952022062809633E+024
   2.8167656780462730E+024
