   4.0632770917336937E-006   0.0000000000000000     
   5.4143208974803480E-006   0.0000000000000000     
   7.2145881560798296E-006   0.0000000000000000     
   9.6134461269316134E-006   0.0000000000000000     
   1.2809926836576842E-005   0.0000000000000000     
   1.7069240664775704E-005   0.0000000000000000     
   2.2744780714914024E-005   0.0000000000000000     
   3.0307443660167218E-005   0.0000000000000000     
   4.0384699801124538E-005   0.0000000000000000     
   5.3812653957696100E-005   0.0000000000000000     
   7.1705416661042262E-005   0.0000000000000000     
   9.5547541338059853E-005   0.0000000000000000     
   1.2731719695463739E-004   0.0000000000000000     
   1.6965029568928388E-004   0.0000000000000000     
   2.2605919322678841E-004   0.0000000000000000     
   3.0122410712411389E-004   0.0000000000000000     
   4.0138143208222029E-004   0.0000000000000000     
   5.3484117044454453E-004   0.0000000000000000     
   7.1267640886759774E-004   0.0000000000000000     
   9.4964204669258610E-004   0.0000000000000000     
   1.2653990024440751E-003   0.0000000000000000     
   1.6861454702466480E-003   0.0000000000000000     
   2.2467905706753093E-003  0.10729544329344537     
   2.9938507427458520E-003   0.0000000000000000     
   3.9893091892164532E-003  0.40527391346182767     
   5.3157585914154655E-003   1.4900539382781610     
   7.0832537820307165E-003   4.9318000099664578     
   9.4384429386385402E-003   12.725929079442523     
   1.2576734908458401E-002   32.048226178235929     
   1.6758512181083561E-002   100.96051916429356     
   2.2330734691294457E-002   277.69407129886423     
   2.9755726908493374E-002   694.87678889804613     
   3.9649536662938696E-002   1473.7429497005644     
   5.2833048321094415E-002   1869.7635679084983     
   7.0400091144273494E-002   1239.6747555890668     
   9.3808193746473298E-002   429.64783529806220     
  0.12499951450264123        193.10702172005873     
  0.16656198144187623        108.34203150862859     
  0.22194401132060174        65.388761268604384     
  0.29574062300807191        46.885416687801474     
  0.39407468386638045        34.412120244976506     
  0.52510492094334005        26.800939354624681     
  0.69970284640869074        21.098998251616305     
  0.93235476139301110        17.435283343844038     
   1.2423636770293720        15.116881094508001     
   1.6554508754756401        13.150567265942309     
   2.2058899916214054        11.731160723111724     
   2.9393506791540505        10.279140195687852     
   3.9166877985120356        9.3373425062407147     
   5.2189905137239574        8.6138887759118088     
   6.9543102191316919        7.8243240216294581     
   9.2666255086581764        7.5212229149733822     
   12.347788006563231        6.9803232646730287     
   16.453440199193327        6.5939627444700539     
   21.924225962134859        6.2385626045335130     
   29.214053609427793        6.0049952530788486     
   38.927756435667369        5.7585160013581218     
   51.871275427029779        5.7030538032781948     
   69.118527775248495        5.3818757633685088     
   92.100509241157710        5.3719883135313946     
   122.72402314561722        5.2792544075749070     
   163.52988687184671        5.2035194224979149     
   217.90374219225566        5.1905100768667518     
   290.35696024543336        5.0336002631805563     
   386.90094770646141        5.0754835594541712     
   515.54591014324524        5.1770471120363464     
   686.96545470102581        5.2747509294512245     
   915.38217386199983        5.1473088723213865     
   1219.7476867144562        5.3200907938590634     
   1625.3150451557306        5.4426340232086163     
   2165.7339667724109        5.5171143389979633     
   2885.8427348048995        5.6734120002671045     
   3845.3884077173038        5.8690812710587634     
   5123.9840022697272        5.8921393225543683     
   6827.7139450528530        6.0138346998015439     
   9097.9358434412316        6.3987044605807331     
   12123.008854427359        6.3862226271241136     
   16153.921748137405        6.6738761095380124     
   21525.117318515084        6.8593140936336230     
   28682.240931943441        7.1634712492861263     
   38219.115496779355        7.7396498048105000     
   50927.010648229239        8.2316691932136887     
   67860.293987792626        7.9873117850071518     
   90423.911427241081        7.5299004152370008     
   120489.95483680644        6.0519222737311713     
   160552.98855610055        4.0061877035973135     
   213937.02212942563        2.0298523658330656     
   285071.30168812518       0.74272552699479610     
   379857.80225078925       0.18569680916488793     
   506160.91159066890        2.4979784312171373E-002
   674459.93449188024        2.0257655965745516E-003
   898718.55534088297        6.3173590647224990E-005
   1197543.3979225161        6.1375075071473870E-008
   1595727.8075379776        1.2257174654616840E-009
   2126308.9422624172        2.1439142600695985E-014
   2833308.8491581711        7.8659784503204020E-020
   3775386.9511438375        2.4383698882867653E-023
   5030706.9894982167        0.0000000000000000     
   6703422.2297448562        0.0000000000000000     
   8932317.0051531065        0.0000000000000000     
   11902321.582327656        0.0000000000000000     
   15859855.731431743        0.0000000000000000     
   21133274.049266435        0.0000000000000000     
   28160109.373269815        0.0000000000000000     
   37523374.658648446        0.0000000000000000     
   49999935.266935006        0.0000000000000000     
   66624965.090166502        0.0000000000000000     
   88777834.402544782        0.0000000000000000     
   118296555.51097512        0.0000000000000000     
   157630281.70193860        0.0000000000000000     
   210042512.24480730        0.0000000000000000     
   279881863.26744068        0.0000000000000000     
   372942870.22598165        0.0000000000000000     
   496946757.56638557        0.0000000000000000     
   662182064.79213011        0.0000000000000000     
   882358281.35732234        0.0000000000000000     
   1175743316.0383906        0.0000000000000000     
   1566679176.0399857        0.0000000000000000     
   2087601610.9601123        0.0000000000000000     
   2781731290.4477043        0.0000000000000000     
   3706659801.1950464        0.0000000000000000     
   4939127991.6127462        0.0000000000000000     
   6581393121.0162392        0.0000000000000000     
   8769713092.4555302        0.0000000000000000     
   11685651701.673561        0.0000000000000000     
   15571142892.953049        0.0000000000000000     
   20748563895.502522        0.0000000000000000     
   27647482698.304775        0.0000000000000000     
   36840299087.820259        0.0000000000000000     
   49089736367.328346        0.0000000000000000     
   65412124121.720345        0.0000000000000000     
   87161722566.574142        0.0000000000000000     
   116143084829.89278        0.0000000000000000     
   154760779807.90973        0.0000000000000000     
   206218898024.20560        0.0000000000000000     
   274786893391.86261        0.0000000000000000     
   366153817634.54041        0.0000000000000000     
   487900338016.33582        0.0000000000000000     
   650127701451.55261        0.0000000000000000     
   866295829826.88269        0.0000000000000000     
