   4.0632770917336937E-006   0.0000000000000000     
   5.4143208974803480E-006   0.0000000000000000     
   7.2145881560798296E-006   0.0000000000000000     
   9.6134461269316134E-006   0.0000000000000000     
   1.2809926836576842E-005   0.0000000000000000     
   1.7069240664775704E-005   0.0000000000000000     
   2.2744780714914024E-005   0.0000000000000000     
   3.0307443660167218E-005   0.0000000000000000     
   4.0384699801124538E-005   0.0000000000000000     
   5.3812653957696100E-005   0.0000000000000000     
   7.1705416661042262E-005   0.0000000000000000     
   9.5547541338059853E-005   0.0000000000000000     
   1.2731719695463739E-004   0.0000000000000000     
   1.6965029568928388E-004   0.0000000000000000     
   2.2605919322678841E-004   0.0000000000000000     
   3.0122410712411389E-004   0.0000000000000000     
   4.0138143208222029E-004   0.0000000000000000     
   5.3484117044454453E-004   0.0000000000000000     
   7.1267640886759774E-004   0.0000000000000000     
   9.4964204669258610E-004   0.0000000000000000     
   1.2653990024440751E-003   0.0000000000000000     
   1.6861454702466480E-003   0.0000000000000000     
   2.2467905706753093E-003   0.0000000000000000     
   2.9938507427458520E-003   8.5486516767224838E-002
   3.9893091892164532E-003  0.14550101246855801     
   5.3157585914154655E-003   1.0431358215442590     
   7.0832537820307165E-003   5.6964244259764962     
   9.4384429386385402E-003   14.841349911405937     
   1.2576734908458401E-002   35.834430376347790     
   1.6758512181083561E-002   114.28817306597398     
   2.2330734691294457E-002   301.21503548908873     
   2.9755726908493374E-002   706.17122427920378     
   3.9649536662938696E-002   1436.0526699311508     
   5.2833048321094415E-002   1819.1480063891604     
   7.0400091144273494E-002   1220.7988494087595     
   9.3808193746473298E-002   428.85678677250542     
  0.12499951450264123        188.76938852731797     
  0.16656198144187623        105.97614660406840     
  0.22194401132060174        65.701201217857673     
  0.29574062300807191        43.251393383306777     
  0.39407468386638045        32.238874425879516     
  0.52510492094334005        24.582035243332804     
  0.69970284640869074        20.187522940702220     
  0.93235476139301110        16.697064739035440     
   1.2423636770293720        13.741196537262578     
   1.6554508754756401        11.748578166585796     
   2.2058899916214054        10.228176265941745     
   2.9393506791540505        9.2251870432968524     
   3.9166877985120356        8.3359195675779585     
   5.2189905137239574        7.6473628954301951     
   6.9543102191316919        7.0993180217175516     
   9.2666255086581764        6.6344721141414338     
   12.347788006563231        6.1546668274417673     
   16.453440199193327        5.8673893657709311     
   21.924225962134859        5.5110770515089360     
   29.214053609427793        5.2454009103340269     
   38.927756435667369        4.9700870478753645     
   51.871275427029779        4.8124912046234227     
   69.118527775248495        4.7015644191673438     
   92.100509241157710        4.5745015480983753     
   122.72402314561722        4.6151509126262562     
   163.52988687184671        4.3922110656719493     
   217.90374219225566        4.4574252827372680     
   290.35696024543336        4.5340147194467439     
   386.90094770646141        4.5506735248932149     
   515.54591014324524        4.5510226798508899     
   686.96545470102581        4.4575587532929202     
   915.38217386199983        4.4890963172779088     
   1219.7476867144562        4.7146052287970539     
   1625.3150451557306        4.7788733802648364     
   2165.7339667724109        4.8524271785213537     
   2885.8427348048995        4.9190946632649242     
   3845.3884077173038        4.9170756299674228     
   5123.9840022697272        5.0943101155429327     
   6827.7139450528530        5.3045753598633372     
   9097.9358434412316        5.5940523975574958     
   12123.008854427359        5.6411532684835759     
   16153.921748137405        5.7309592538948921     
   21525.117318515084        6.1652637799060797     
   28682.240931943441        6.5522247216451923     
   38219.115496779355        6.8583471672205629     
   50927.010648229239        7.2211209868421893     
   67860.293987792626        7.2963046923204740     
   90423.911427241081        7.0028680843785285     
   120489.95483680644        5.7311508148927297     
   160552.98855610055        3.9908018768101066     
   213937.02212942563        2.0208265649808856     
   285071.30168812518       0.72305045769542053     
   379857.80225078925       0.18374340206253481     
   506160.91159066890        2.4116029485159850E-002
   674459.93449188024        2.0959731735309922E-003
   898718.55534088297        7.4212685168848389E-005
   1197543.3979225161        8.2569779268895100E-007
   1595727.8075379776        5.8317859487312641E-010
   2126308.9422624172        1.1847168349497370E-013
   2833308.8491581711        1.2663529027517811E-018
   3775386.9511438375        1.8150666264310460E-024
   5030706.9894982167        0.0000000000000000     
   6703422.2297448562        0.0000000000000000     
   8932317.0051531065        0.0000000000000000     
   11902321.582327656        0.0000000000000000     
   15859855.731431743        0.0000000000000000     
   21133274.049266435        0.0000000000000000     
   28160109.373269815        0.0000000000000000     
   37523374.658648446        0.0000000000000000     
   49999935.266935006        0.0000000000000000     
   66624965.090166502        0.0000000000000000     
   88777834.402544782        0.0000000000000000     
   118296555.51097512        0.0000000000000000     
   157630281.70193860        0.0000000000000000     
   210042512.24480730        0.0000000000000000     
   279881863.26744068        0.0000000000000000     
   372942870.22598165        0.0000000000000000     
   496946757.56638557        0.0000000000000000     
   662182064.79213011        0.0000000000000000     
   882358281.35732234        0.0000000000000000     
   1175743316.0383906        0.0000000000000000     
   1566679176.0399857        0.0000000000000000     
   2087601610.9601123        0.0000000000000000     
   2781731290.4477043        0.0000000000000000     
   3706659801.1950464        0.0000000000000000     
   4939127991.6127462        0.0000000000000000     
   6581393121.0162392        0.0000000000000000     
   8769713092.4555302        0.0000000000000000     
   11685651701.673561        0.0000000000000000     
   15571142892.953049        0.0000000000000000     
   20748563895.502522        0.0000000000000000     
   27647482698.304775        0.0000000000000000     
   36840299087.820259        0.0000000000000000     
   49089736367.328346        0.0000000000000000     
   65412124121.720345        0.0000000000000000     
   87161722566.574142        0.0000000000000000     
   116143084829.89278        0.0000000000000000     
   154760779807.90973        0.0000000000000000     
   206218898024.20560        0.0000000000000000     
   274786893391.86261        0.0000000000000000     
   366153817634.54041        0.0000000000000000     
   487900338016.33582        0.0000000000000000     
   650127701451.55261        0.0000000000000000     
   866295829826.88269        0.0000000000000000     
