   4.0632770917336937E-006   0.0000000000000000     
   5.4143208974803480E-006   0.0000000000000000     
   7.2145881560798296E-006   0.0000000000000000     
   9.6134461269316134E-006   0.0000000000000000     
   1.2809926836576842E-005   0.0000000000000000     
   1.7069240664775704E-005   0.0000000000000000     
   2.2744780714914024E-005   0.0000000000000000     
   3.0307443660167218E-005   0.0000000000000000     
   4.0384699801124538E-005   0.0000000000000000     
   5.3812653957696100E-005   0.0000000000000000     
   7.1705416661042262E-005   0.0000000000000000     
   9.5547541338059853E-005   0.0000000000000000     
   1.2731719695463739E-004   0.0000000000000000     
   1.6965029568928388E-004   0.0000000000000000     
   2.2605919322678841E-004   0.0000000000000000     
   3.0122410712411389E-004   0.0000000000000000     
   4.0138143208222029E-004   0.0000000000000000     
   5.3484117044454453E-004   0.0000000000000000     
   7.1267640886759774E-004   0.0000000000000000     
   9.4964204669258610E-004   0.0000000000000000     
   1.2653990024440751E-003   0.0000000000000000     
   1.6861454702466480E-003   0.0000000000000000     
   2.2467905706753093E-003   9.3286237279292333E-002
   2.9938507427458520E-003  0.19117496469777312     
   3.9893091892164532E-003  0.55465608962877355     
   5.3157585914154655E-003  0.81945899937358246     
   7.0832537820307165E-003   2.8153071724043874     
   9.4384429386385402E-003   8.4608425524640403     
   1.2576734908458401E-002   32.258651727247134     
   1.6758512181083561E-002   102.06384519956845     
   2.2330734691294457E-002   297.24480221094251     
   2.9755726908493374E-002   730.02933524957996     
   3.9649536662938696E-002   1404.2124696348105     
   5.2833048321094415E-002   1850.4611910725982     
   7.0400091144273494E-002   1233.7472338072109     
   9.3808193746473298E-002   435.71860377749056     
  0.12499951450264123        187.79312308819897     
  0.16656198144187623        103.70049366129940     
  0.22194401132060174        67.952798960160976     
  0.29574062300807191        49.852130827949168     
  0.39407468386638045        36.524902261018205     
  0.52510492094334005        28.169825599063557     
  0.69970284640869074        22.004319951485495     
  0.93235476139301110        18.282008198763926     
   1.2423636770293720        15.417202046579719     
   1.6554508754756401        13.610806837753367     
   2.2058899916214054        11.967185961832094     
   2.9393506791540505        10.926328677672544     
   3.9166877985120356        9.8748025879157453     
   5.2189905137239574        9.0796739799322097     
   6.9543102191316919        8.5627840180994053     
   9.2666255086581764        8.0038802286064730     
   12.347788006563231        7.5031082968931742     
   16.453440199193327        7.0921887587736459     
   21.924225962134859        6.6932321137814865     
   29.214053609427793        6.5124221544895669     
   38.927756435667369        6.2276679486021447     
   51.871275427029779        6.1479605635454293     
   69.118527775248495        6.0130677711055442     
   92.100509241157710        5.8888393695006851     
   122.72402314561722        5.7938205810789674     
   163.52988687184671        5.6922105395238622     
   217.90374219225566        5.6607273114802927     
   290.35696024543336        5.6257710519999744     
   386.90094770646141        5.5135523080679851     
   515.54591014324524        5.5898632562914701     
   686.96545470102581        5.6829416067995560     
   915.38217386199983        5.8831204301654223     
   1219.7476867144562        5.9419693580500503     
   1625.3150451557306        5.9187154450540334     
   2165.7339667724109        6.3578307122661304     
   2885.8427348048995        6.3602113986869906     
   3845.3884077173038        6.4281712120627725     
   5123.9840022697272        6.6015560244410558     
   6827.7139450528530        7.0002355439633970     
   9097.9358434412316        7.2165495724868691     
   12123.008854427359        7.4562778203447486     
   16153.921748137405        7.7526393190567706     
   21525.117318515084        8.2302017382253645     
   28682.240931943441        8.6089885669655821     
   38219.115496779355        9.2697318679181588     
   50927.010648229239        9.5592552718748109     
   67860.293987792626        9.6982627239870638     
   90423.911427241081        9.1871573649819336     
   120489.95483680644        7.0566620712205781     
   160552.98855610055        4.7923537304373545     
   213937.02212942563        2.3248943975540137     
   285071.30168812518       0.89483804403580380     
   379857.80225078925       0.22803069526236092     
   506160.91159066890        4.1357850871555607E-002
   674459.93449188024        3.1899783206381831E-003
   898718.55534088297        2.4715558355296429E-004
   1197543.3979225161        2.0720290850058047E-007
   1595727.8075379776        1.1948324148131860E-010
   2126308.9422624172        2.2395937406005677E-012
   2833308.8491581711        8.9975527441359710E-019
   3775386.9511438375        3.2705298949321959E-023
   5030706.9894982167        0.0000000000000000     
   6703422.2297448562        0.0000000000000000     
   8932317.0051531065        0.0000000000000000     
   11902321.582327656        0.0000000000000000     
   15859855.731431743        0.0000000000000000     
   21133274.049266435        0.0000000000000000     
   28160109.373269815        0.0000000000000000     
   37523374.658648446        0.0000000000000000     
   49999935.266935006        0.0000000000000000     
   66624965.090166502        0.0000000000000000     
   88777834.402544782        0.0000000000000000     
   118296555.51097512        0.0000000000000000     
   157630281.70193860        0.0000000000000000     
   210042512.24480730        0.0000000000000000     
   279881863.26744068        0.0000000000000000     
   372942870.22598165        0.0000000000000000     
   496946757.56638557        0.0000000000000000     
   662182064.79213011        0.0000000000000000     
   882358281.35732234        0.0000000000000000     
   1175743316.0383906        0.0000000000000000     
   1566679176.0399857        0.0000000000000000     
   2087601610.9601123        0.0000000000000000     
   2781731290.4477043        0.0000000000000000     
   3706659801.1950464        0.0000000000000000     
   4939127991.6127462        0.0000000000000000     
   6581393121.0162392        0.0000000000000000     
   8769713092.4555302        0.0000000000000000     
   11685651701.673561        0.0000000000000000     
   15571142892.953049        0.0000000000000000     
   20748563895.502522        0.0000000000000000     
   27647482698.304775        0.0000000000000000     
   36840299087.820259        0.0000000000000000     
   49089736367.328346        0.0000000000000000     
   65412124121.720345        0.0000000000000000     
   87161722566.574142        0.0000000000000000     
   116143084829.89278        0.0000000000000000     
   154760779807.90973        0.0000000000000000     
   206218898024.20560        0.0000000000000000     
   274786893391.86261        0.0000000000000000     
   366153817634.54041        0.0000000000000000     
   487900338016.33582        0.0000000000000000     
   650127701451.55261        0.0000000000000000     
   866295829826.88269        0.0000000000000000     
