   1.0198039163380059E-006
   1.0198039163380059E-006
   1.0719493491675756E-006
   1.1286563417393539E-006
   1.1886781824589491E-006
   1.2516596834057934E-006
   1.3174377692472711E-006
   1.3857318016400049E-006
   1.4562347618568718E-006
   1.5287063329636655E-006
   1.6029073993984276E-006
   1.6787264018658365E-006
   1.7558184992210043E-006
   1.8338232409303117E-006
   1.9126725955844499E-006
   1.9922375064118432E-006
   2.0722322658010118E-006
   2.1523942351875804E-006
   2.2325017186723903E-006
   2.3125037850544477E-006
   2.3923624583960850E-006
   2.4718514411714314E-006
   2.5507671156946869E-006
   2.6290233208319825E-006
   2.7065629480459159E-006
   2.7830347779669818E-006
   2.8583330492891306E-006
   2.9324738762000238E-006
   3.0051916849632395E-006
   3.0763743688534222E-006
   3.1460654203774076E-006
   3.2141292235838823E-006
   3.2803462833982427E-006
   3.3445799718161366E-006
   3.4067861766805499E-006
   3.4665522098454741E-006
   3.5239436640094070E-006
   3.5788306377303643E-006
   3.6311810068388146E-006
   3.6808306427984263E-006
   3.7278449362405180E-006
   3.7720347711241179E-006
   3.8136380379532268E-006
   3.8527326794093516E-006
   3.8892176581962544E-006
   3.9230910178362795E-006
   3.9544641082489987E-006
   3.9835138493573071E-006
   4.0101473982136430E-006
   4.0344374430522774E-006
   4.0566783806969976E-006
   4.0769572914682282E-006
   4.0953499422888540E-006
   4.1119282171311382E-006
   4.1266412624526667E-006
   4.1395654505811366E-006
   4.1510888558023865E-006
   4.1617089395514191E-006
   4.1715549581522485E-006
   4.1809339179877109E-006
   4.1899908190293128E-006
   4.1988492294574140E-006
   4.2076515312535271E-006
   4.2163141262594568E-006
   4.2249859612869760E-006
   4.2336388318203882E-006
   4.2422467950672225E-006
   4.2509050942276607E-006
   4.2594701170723353E-006
   4.2680400395547207E-006
   4.2765163565141381E-006
   4.2849790437751960E-006
   4.2934172056912796E-006
   4.3017438529919485E-006
   4.3100732645995850E-006
   4.3184004423940894E-006
   4.3266903097736518E-006
   4.3349298286284654E-006
   4.3431401323934191E-006
   4.3513208374910414E-006
   4.3594788545676113E-006
   4.3675871095328304E-006
   4.3756404619926525E-006
   4.3836843404069701E-006
   4.3917141454603215E-006
   4.3997330189784159E-006
   4.4076897143791827E-006
   4.4156696322854483E-006
   4.4236036580331705E-006
   4.4315195731814061E-006
   4.4393801787206354E-006
   4.4472571394378104E-006
   4.4551017881980728E-006
   4.4629964304695454E-006
   4.4708834525596867E-006
   4.4787091892990223E-006
   4.4866060042305451E-006
   4.4944328387857074E-006
   4.5022267445801925E-006
   4.5101093948862406E-006
   4.5179501853354291E-006
   4.5257637494547115E-006
   4.5336702623037098E-006
   4.5415282611238993E-006
   4.5493950688294785E-006
   4.5573044904446486E-006
   4.5652269232842357E-006
   4.5731537225407316E-006
   4.5811063807412825E-006
   4.5890619503297703E-006
   4.5970543681332341E-006
   4.6051203274285012E-006
   4.6132104720795838E-006
   4.6212876432109395E-006
   4.6294219504011610E-006
   4.6375598809614049E-006
   4.6458074851380414E-006
   4.6540954034336161E-006
   4.6624663701564390E-006
   4.6708722729910555E-006
   4.6792821458712422E-006
   4.6878389056409043E-006
   4.6964502788923095E-006
   4.7051045276085102E-006
   4.7138563093670419E-006
   4.7226569120962400E-006
   4.7316164958072511E-006
   4.7406736608873847E-006
   4.7498139513972891E-006
   4.7590856076234754E-006
   4.7684824941352733E-006
   4.7779367609942837E-006
   4.7875042181355365E-006
   4.7972523705440853E-006
   4.8071859993757303E-006
   4.8172303136922254E-006
   4.8274915622676137E-006
   4.8378360729402405E-006
   4.8484211118003996E-006
   4.8591781850728829E-006
   4.8701470936172598E-006
   4.8812369053284856E-006
   4.8926181489157287E-006
   4.9041970988313635E-006
   4.9160758050414890E-006
   4.9282428572891013E-006
   4.9406471874067663E-006
   4.9533399391145237E-006
   4.9663118454833838E-006
   4.9795924256887543E-006
   4.9931929833501528E-006
   5.0071775688096153E-006
   5.0214161728307095E-006
   5.0360241139054234E-006
   5.0509712031583099E-006
   5.0662938862894203E-006
   5.0819584254139366E-006
   5.0980993560527644E-006
   5.1146237567982942E-006
   5.1316013587452452E-006
   5.1489030287459856E-006
   5.1666020726584323E-006
   5.1847817165218333E-006
   5.2032740639310402E-006
   5.2220939927922542E-006
   5.2414524208838360E-006
   5.2612665485029539E-006
   5.2815198457490398E-006
   5.3021226427833896E-006
   5.3229588528875770E-006
   5.3442990633043528E-006
   5.3659642291453743E-006
   5.3880851190493092E-006
   5.4104152371856374E-006
   5.4332315818433137E-006
   5.4564422874387264E-006
   5.4798992448505363E-006
   5.5036473053736179E-006
   5.5277726619816236E-006
   5.5522542384748022E-006
   5.5770152993518870E-006
   5.6021179406871830E-006
   5.6275294575992982E-006
   5.6532603417039477E-006
   5.6793636091483288E-006
   5.7058207062808575E-006
   5.7326018366395237E-006
   5.7598091702752860E-006
   5.7876501477932169E-006
   5.8156246610622953E-006
   5.8443788819986513E-006
   5.8734197538195471E-006
   5.9028914568233620E-006
   5.9330716304124269E-006
   5.9635945436774825E-006
   5.9946050182531192E-006
   6.0263531557824975E-006
   6.0591236898986528E-006
   6.0929748560897459E-006
   6.1276764226801946E-006
   6.1633361106815124E-006
   6.2001417536708775E-006
   6.2383818841632226E-006
   6.2779022382183468E-006
   6.3193947117550172E-006
   6.3618165750591004E-006
   6.4063978872112321E-006
   6.4525916141017263E-006
   6.5011062708020059E-006
   6.5519913675776670E-006
   6.6053408173679319E-006
   6.6610960635554277E-006
   6.7192659004653978E-006
   6.7804682257376996E-006
   6.8445408592484758E-006
   6.9109679007769372E-006
   6.9806924383147513E-006
   7.0530487854514087E-006
   7.1283214467651690E-006
   7.2068546718687161E-006
   7.2879720318408371E-006
   7.3720206156426446E-006
   7.4592528716241427E-006
   7.5486296298138062E-006
   7.6401830969479898E-006
   7.7350133459099989E-006
   7.8319733660211579E-006
   7.9321252621772207E-006
   8.0339501857075178E-006
   8.1374970696772264E-006
   8.2436271857472092E-006
   8.3514653368244070E-006
   8.4608050294428304E-006
   8.5715810711957221E-006
   8.6848238757023357E-006
   8.7996071267726637E-006
   8.9158400511445080E-006
   9.0339826869839519E-006
   9.1539051055017289E-006
   9.2754435823402710E-006
   9.3995721860104891E-006
   9.5256662076819361E-006
   9.6518976601162437E-006
   9.7830035708000525E-006
   9.9145949690703120E-006
   1.0050003166530134E-005
   1.0107591028839122E-005
   1.0112213094299194E-005
   1.0112977060951508E-005
   1.0113097760001972E-005
   1.0339290348662158E-005
   1.0562643070709332E-005
   1.0781510292204924E-005
   1.0988462865070888E-005
   1.1183875059636540E-005
   1.1369644134696540E-005
   1.1537488224946528E-005
   1.1692747531836073E-005
   1.1839753822889731E-005
   1.1971570228237195E-005
   1.2095687891387707E-005
   1.2211035357893139E-005
   1.2317095430172092E-005
   1.2416901968354641E-005
   1.2510784568890511E-005
   1.2591885291859264E-005
   1.2666589454161643E-005
   1.2732697818861251E-005
   1.2795094310901193E-005
   1.2852384771330288E-005
   1.2903430789541748E-005
   1.2948823836957399E-005
   1.2991077326822530E-005
   1.3030656768868008E-005
   1.3064801272900838E-005
   1.3097947727270495E-005
   1.3126612414789890E-005
   1.3153064401429520E-005
   1.3177537121972616E-005
   1.3198481623837250E-005
   1.3218723770552427E-005
   1.3235920596354222E-005
   1.3251392879394498E-005
   1.3265460239970876E-005
   1.3277817891962402E-005
   1.3288942690570736E-005
   1.3299388538231834E-005
   1.3307741647918214E-005
   1.3314845804760629E-005
   1.3322795668791120E-005
   1.3329470434939431E-005
   1.3335577311926277E-005
   1.3341418520312854E-005
   1.3346046374999973E-005
   1.3351251786813968E-005
   1.3355315323714093E-005
   1.3359061747393343E-005
   1.3362423567360336E-005
   1.3364892334676581E-005
   1.3367777066353017E-005
   1.4365412216458903E-005
   1.4365412216458903E-005
   1.4365412216458903E-005
   1.4365412216458903E-005
   1.4365412216458903E-005
   1.4365412216458903E-005
   1.4365412216458903E-005
   1.4365412216458903E-005
   1.4365412216458903E-005
   1.4365412216458903E-005
   1.4365412216458903E-005
   1.4365412216458903E-005
   1.4365412216458903E-005
   1.4365412216458903E-005
   1.4365412216458903E-005
   1.4365412216458903E-005
   1.4365412216458903E-005
   1.4365412216458903E-005
   1.4365412216458903E-005
   1.4365412216458903E-005
   1.4365412216458903E-005
   1.4365412216458903E-005
   1.4365412216458903E-005
   1.4365412216458903E-005
   1.4365412216458903E-005
   1.4365412216458903E-005
   1.4365412216458903E-005
   1.4365412216458903E-005
   1.4365412216458903E-005
   1.4365412216458903E-005
   1.4365412216458903E-005
   1.4365412216458903E-005
   1.4365412216458903E-005
   1.4365412216458903E-005
   1.4365412216458903E-005
   1.4365412216458903E-005
   1.4365412216458903E-005
   1.4365412216458903E-005
   1.4365412216458903E-005
   1.4365412216458903E-005
   1.4365412216458903E-005
   1.4365412216458903E-005
   1.4365412216458903E-005
   1.4365412216458903E-005
   1.4365412216458903E-005
   1.4365412216458903E-005
   1.4365412216458903E-005
   1.4365412216458903E-005
   1.4365412216458903E-005
   1.4365412216458903E-005
   1.4365412216458903E-005
   1.4365412216458903E-005
   1.4365412216458903E-005
   1.4365412216458903E-005
   1.4365412216458903E-005
   1.4365412216458903E-005
   1.4365412216458903E-005
   1.4365412216458903E-005
   1.4365412216458903E-005
   1.4365412216458903E-005
   1.4365412216458903E-005
   1.4365412216458903E-005
   1.4365412216458903E-005
   1.4365412216458903E-005
   1.4365412216458903E-005
   1.4365412216458903E-005
   1.4365412216458903E-005
   1.4365412216458903E-005
   1.4365412216458903E-005
   1.4365412216458903E-005
   1.4365412216458903E-005
   1.4365412216458903E-005
   1.4365412216458903E-005
   1.4365412216458903E-005
   1.4365412216458903E-005
   1.4365412216458903E-005
   1.4365412216458903E-005
   1.4365412216458903E-005
   1.4365412216458903E-005
   1.4365412216458903E-005
   1.4365412216458903E-005
   1.4365412216458903E-005
   1.4365412216458903E-005
   1.4365412216458903E-005
   1.4365412216458903E-005
   1.4365412216458903E-005
   1.4365412216458903E-005
   1.4365412216458903E-005
   1.4365412216458903E-005
   1.4365412216458903E-005
   1.4365412216458903E-005
   1.4365412216458903E-005
   1.4365412216458903E-005
   1.4365412216458903E-005
   1.4365412216458903E-005
   1.4365412216458903E-005
   1.4365412216458903E-005
   1.4365412216458903E-005
   1.4365412216458903E-005
   1.4365412216458903E-005
   1.4365412216458903E-005
   1.4365412216458903E-005
   1.4365412216458903E-005
   1.4365412216458903E-005
   1.4365412216458903E-005
   1.4365412216458903E-005
   1.4365412216458903E-005
   1.4365412216458903E-005
   1.4365412216458903E-005
   1.4365412216458903E-005
   1.4365412216458903E-005
   1.4365412216458903E-005
   1.4365412216458903E-005
   1.4365412216458903E-005
   1.4365412216458903E-005
   1.4365412216458903E-005
   1.4365412216458903E-005
   1.4365412216458903E-005
   1.4365412216458903E-005
   1.4365412216458903E-005
   1.4365412216458903E-005
   1.4365412216458903E-005
   1.4365412216458903E-005
   1.4365412216458903E-005
   1.4365412216458903E-005
   1.4365412216458903E-005
   1.4365412216458903E-005
   1.4365412216458903E-005
   1.4365412216458903E-005
   1.4365412216458903E-005
   1.4365412216458903E-005
   1.4365412216458903E-005
   1.4365412216458903E-005
   1.4365412216458903E-005
   1.4365412216458903E-005
   1.4365412216458903E-005
   1.4365412216458903E-005
   1.4365412216458903E-005
   1.4365412216458903E-005
   1.4365412216458903E-005
   1.4365412216458903E-005
   1.4365412216458903E-005
   1.4365412216458903E-005
   1.4365412216458903E-005
   1.4365412216458903E-005
   1.4365412216458903E-005
   1.4365412216458903E-005
   1.4365412216458903E-005
   1.4365412216458903E-005
   1.4365412216458903E-005
   1.4365412216458903E-005
   1.4365412216458903E-005
   1.4365412216458903E-005
   1.4365412216458903E-005
   1.4365412216458903E-005
   1.4365412216458903E-005
   1.4365412216458903E-005
   1.4365412216458903E-005
   1.4365412216458903E-005
   1.4365412216458903E-005
   1.4365412216458903E-005
   1.4365412216458903E-005
   1.4365412216458903E-005
   1.4365412216458903E-005
   1.4365412216458903E-005
   1.4365412216458903E-005
   1.4365412216458903E-005
   1.4365412216458903E-005
   1.4365412216458903E-005
   1.4365412216458903E-005
   1.4365412216458903E-005
   1.4365412216458903E-005
   1.4365412216458903E-005
   1.4365412216458903E-005
   1.4365412216458903E-005
   1.4365412216458903E-005
   1.4365412216458903E-005
   1.4365412216458903E-005
   1.4365412216458903E-005
   1.4365412216458903E-005
   1.4365412216458903E-005
   1.4365412216458903E-005
   1.4365412216458903E-005
   1.4365412216458903E-005
   1.4365412216458903E-005
   1.4365412216458903E-005
   1.4365412216458903E-005
   1.4365412216458903E-005
   1.4365412216458903E-005
   1.4365412216458903E-005
   1.4365412216458903E-005
   1.4365412216458903E-005
   1.4365412216458903E-005
   1.4365412216458903E-005
   1.4365412216458903E-005
   1.4365412216458903E-005
   1.4365412216458903E-005
   1.4365412216458903E-005
   1.4365412216458903E-005
   1.4365412216458903E-005
   1.4365412216458903E-005
   1.4365412216458903E-005
   1.4365412216458903E-005
   1.4365412216458903E-005
   1.4365412216458903E-005
   1.4365412216458903E-005
   1.4365412216458903E-005
   1.4365412216458903E-005
   1.4365412216458903E-005
   1.4365412216458903E-005
   1.4365412216458903E-005
   1.4365412216458903E-005
   1.4365412216458903E-005
   1.4365412216458903E-005
   1.4365412216458903E-005
   1.4365412216458903E-005
   1.4365412216458903E-005
   1.4365412216458903E-005
   1.4365412216458903E-005
   1.4365412216458903E-005
   1.4365412216458903E-005
   1.4365412216458903E-005
   1.4365412216458903E-005
   1.4365412216458903E-005
   1.4365412216458903E-005
   1.4365412216458903E-005
   1.4365412216458903E-005
   1.4365412216458903E-005
   1.4365412216458903E-005
   1.4365412216458903E-005
   1.4365412216458903E-005
   1.4365412216458903E-005
   1.4365412216458903E-005
   1.4365412216458903E-005
   1.4365412216458903E-005
   1.4365412216458903E-005
   1.4365412216458903E-005
   1.4365412216458903E-005
   1.4365412216458903E-005
   1.4365412216458903E-005
   1.4365412216458903E-005
   1.4365412216458903E-005
   1.4365412216458903E-005
   1.4365412216458903E-005
   1.4365412216458903E-005
   1.4365412216458903E-005
   1.4365412216458903E-005
   1.4365412216458903E-005
   1.4365412216458903E-005
   1.4365412216458903E-005
   1.4365412216458903E-005
   1.4365412216458903E-005
   1.4365412216458903E-005
   1.4365412216458903E-005
   1.4365412216458903E-005
   1.4365412216458903E-005
   1.4365412216458903E-005
   1.4365412216458903E-005
   1.4365412216458903E-005
   1.4365412216458903E-005
   1.4365412216458903E-005
   1.4365412216458903E-005
   1.4365412216458903E-005
   1.4365412216458903E-005
   1.4365412216458903E-005
   1.4365412216458903E-005
   1.4365412216458903E-005
   1.4365412216458903E-005
   1.4365412216458903E-005
   1.4365412216458903E-005
   1.4365412216458903E-005
   1.4365412216458903E-005
   1.4365412216458903E-005
   1.4365412216458903E-005
   1.4365412216458903E-005
   1.4365412216458903E-005
   1.4365412216458903E-005
   1.4365412216458903E-005
   1.4365412216458903E-005
   1.4365412216458903E-005
   1.4365412216458903E-005
   1.4365412216458903E-005
   1.4365412216458903E-005
   1.4365412216458903E-005
   1.4365412216458903E-005
   1.4365412216458903E-005
   1.4365412216458903E-005
   1.4365412216458903E-005
   1.4365412216458903E-005
   1.4365412216458903E-005
   1.4365412216458903E-005
   1.4365412216458903E-005
   1.4365412216458903E-005
   1.4365412216458903E-005
   1.4365412216458903E-005
   1.4365412216458903E-005
   1.4365412216458903E-005
   1.4365412216458903E-005
   1.4365412216458903E-005
   1.4365412216458903E-005
   1.4365412216458903E-005
