   1.0198039163621364E-006
   1.0198039163621364E-006
   1.0564077461404028E-006
   1.0989756449408259E-006
   1.1486438579320450E-006
   1.2067477163377441E-006
   1.2745809215051482E-006
   1.3534141006321673E-006
   1.4441408197260489E-006
   1.5472495985432661E-006
   1.6626144690927281E-006
   1.7895016823422163E-006
   1.9263647692826870E-006
   2.0711724989300156E-006
   2.2213315456119680E-006
   2.3738123390026097E-006
   2.5252482353804357E-006
   2.6728514590871928E-006
   2.8135092847267547E-006
   2.9444799326268442E-006
   3.0631967201470421E-006
   3.1686871036286443E-006
   3.2605045702642194E-006
   3.3387534474391386E-006
   3.4036194525060431E-006
   3.4551883339518422E-006
   3.4946939506700289E-006
   3.5266327674383597E-006
   3.5513654690371106E-006
   3.5705803975572669E-006
   3.5898686877034746E-006
   3.6091313253053142E-006
   3.6283440060625756E-006
   3.6474279100429177E-006
   3.6666120425579707E-006
   3.6857389685384792E-006
   3.7048408482167215E-006
   3.7237139663672782E-006
   3.7426081659764658E-006
   3.7613993417294349E-006
   3.7801474971553199E-006
   3.7987545797351725E-006
   3.8171690360158314E-006
   3.8355216211138119E-006
   3.8537279629121533E-006
   3.8715945074756149E-006
   3.8891718962287502E-006
   3.9063709278364447E-006
   3.9234202819586115E-006
   3.9402987398313078E-006
   3.9570119814085542E-006
   3.9735139777572241E-006
   3.9899223778148913E-006
   4.0061532390840673E-006
   4.0222706055134015E-006
   4.0382419914101953E-006
   4.0541207580525923E-006
   4.0698799851939895E-006
   4.0855707568308916E-006
   4.1011181509731413E-006
   4.1165814213434337E-006
   4.1319463099772367E-006
   4.1471771119785919E-006
   4.1624322939136270E-006
   4.1774819222604233E-006
   4.1923997074556705E-006
   4.2073302765268923E-006
   4.2221346517715532E-006
   4.2369480673275536E-006
   4.2516399395385429E-006
   4.2663228957432281E-006
   4.2808832462522714E-006
   4.2954696281276260E-006
   4.3100256101590793E-006
   4.3245459067998669E-006
   4.3390034759923104E-006
   4.3535156750711467E-006
   4.3680140173539029E-006
   4.3825100844433706E-006
   4.3969304808547924E-006
   4.4113990819127891E-006
   4.4258621595816718E-006
   4.4403274955946467E-006
   4.4548473902391922E-006
   4.4693998872226189E-006
   4.4840104386461673E-006
   4.4986819339079315E-006
   4.5133826588522204E-006
   4.5282032523105448E-006
   4.5430230292934240E-006
   4.5580180876595899E-006
   4.5730837088762260E-006
   4.5882607210816776E-006
   4.6035988455568515E-006
   4.6191065384144246E-006
   4.6347008926672749E-006
   4.6504095350570747E-006
   4.6663669559898330E-006
   4.6824590670382269E-006
   4.6987477121943312E-006
   4.7152596244342311E-006
   4.7320983236221295E-006
   4.7491276872870571E-006
   4.7663317355009353E-006
   4.7839000773202236E-006
   4.8017104903158635E-006
   4.8197339716467938E-006
   4.8380879719621185E-006
   4.8567082582936050E-006
   4.8756441926054453E-006
   4.8948405325128405E-006
   4.9142610907484737E-006
   4.9340239818671298E-006
   4.9540449847408388E-006
   4.9743915195123614E-006
   4.9950268299290988E-006
   5.0158346408087917E-006
   5.0369584685435172E-006
   5.0582211187218803E-006
   5.0797120749876999E-006
   5.1013079297103625E-006
   5.1230193517633735E-006
   5.1450568942262906E-006
   5.1671661048983938E-006
   5.1893320388189546E-006
   5.2113964974573039E-006
   5.2338181874164799E-006
   5.2561960148062956E-006
   5.2785892002088059E-006
   5.3008425606753474E-006
   5.3231038062464861E-006
   5.3453742538703808E-006
   5.3675420524240996E-006
   5.3896726030466707E-006
   5.4117305310855470E-006
   5.4336409988462247E-006
   5.4554131940035555E-006
   5.4769305812001944E-006
   5.4983961394564587E-006
   5.5194752694793311E-006
   5.5405211252391843E-006
   5.5614186548010932E-006
   5.5820905936517973E-006
   5.6025077040914797E-006
   5.6227389587894674E-006
   5.6428120001516832E-006
   5.6626768109529362E-006
   5.6823194524558719E-006
   5.7017753435883730E-006
   5.7209445861400233E-006
   5.7400857374636800E-006
   5.7588792498771836E-006
   5.7775058286729987E-006
   5.7958333533271748E-006
   5.8140155563446973E-006
   5.8320221257303202E-006
   5.8499349747403920E-006
   5.8675623786598667E-006
   5.8849682108149788E-006
   5.9021688775279460E-006
   5.9192995611794691E-006
   5.9363308090428460E-006
   5.9531967742043623E-006
   5.9698169978590682E-006
   5.9863801221845690E-006
   6.0027309288749449E-006
   6.0190824429091960E-006
   6.0352729424444390E-006
   6.0513505749904668E-006
   6.0673173069661997E-006
   6.0831596381025460E-006
   6.0990188193756677E-006
   6.1147075658342676E-006
   6.1304410666401056E-006
   6.1460084384458981E-006
   6.1615780736978315E-006
   6.1770253220145652E-006
   6.1925032666280624E-006
   6.2079192404295480E-006
   6.2234015754574104E-006
   6.2388938001826720E-006
   6.2543472948260335E-006
   6.2698733606609117E-006
   6.2853685701511692E-006
   6.3008784991543422E-006
   6.3164667365227922E-006
   6.3321649172052477E-006
   6.3479204733722692E-006
   6.3638586534861419E-006
   6.3797789902172696E-006
   6.3958749901272440E-006
   6.4120975329037849E-006
   6.4284622072262088E-006
   6.4449922267304478E-006
   6.4616831248583346E-006
   6.4786575668371395E-006
   6.4959091889992878E-006
   6.5133785417422568E-006
   6.5311141842301073E-006
   6.5491416852780843E-006
   6.5675269485295795E-006
   6.5863261481422731E-006
   6.6055599213310210E-006
   6.6251030470444667E-006
   6.6451689403794757E-006
   6.6657113241309212E-006
   6.6868454968384296E-006
   6.7087195704066439E-006
   6.7311013825075819E-006
   6.7543099585685588E-006
   6.7784258719845908E-006
   6.8035341464874871E-006
   6.8296505697761733E-006
   6.8567401702457172E-006
   6.8851986857521533E-006
   6.9148565298708115E-006
   6.9459979525892159E-006
   6.9788103265167591E-006
   7.0133436077966766E-006
   7.0497021512756172E-006
   7.0881371308934196E-006
   7.1287765439271483E-006
   7.1719903451823138E-006
   7.2179137116265133E-006
   7.2663543684823227E-006
   7.3174840371010242E-006
   7.3713951955158463E-006
   7.4817070055425464E-006
   7.7825931480971902E-006
   8.0638582372922052E-006
   8.3322447101658400E-006
   8.5927712826547750E-006
   8.8534966564397615E-006
   9.1139179824605736E-006
   9.3822494694158546E-006
   9.6575775717831952E-006
   9.9395449768846251E-006
   1.0229686286666015E-005
   1.0511522253913890E-005
   1.0790049695457918E-005
   1.1051880425887439E-005
   1.1296053775635295E-005
   1.1526101907433561E-005
   1.1728703760115280E-005
   1.1895811690708698E-005
   1.2040989926448414E-005
   1.2162526036367011E-005
   1.2258325600937808E-005
   1.2336317422939667E-005
   1.2405820902643198E-005
   1.2469793979377085E-005
   1.2524241338389315E-005
   1.2571250280930562E-005
   1.2612638909543141E-005
   1.2647110515022309E-005
   1.2674644864120430E-005
   1.2698824370815427E-005
   1.2719296915875180E-005
   1.2738984009501103E-005
   1.2755771271397215E-005
   1.2770042965042732E-005
   1.2783331797768171E-005
   1.2794270576516824E-005
   1.2804031047720787E-005
   1.2812307126299762E-005
   1.2819259523815594E-005
   1.2826647822496544E-005
   1.2833574035029709E-005
   1.2839276760750502E-005
   1.2844206386274749E-005
   1.2849785594342268E-005
   1.2853801603858985E-005
   1.2857525574600468E-005
   1.2860401488840814E-005
   1.2863474468086080E-005
   1.2866249329891865E-005
   1.2868957709731475E-005
   1.2870783761159265E-005
   1.2872530862907854E-005
   1.2874305730081484E-005
   1.2875716090299750E-005
   1.2877219458683467E-005
   1.2878409253533810E-005
   1.2879390581548007E-005
   1.2880092523650251E-005
   1.2880963704580767E-005
   1.2882031903523343E-005
   1.2883173120956937E-005
   1.2883881165573942E-005
   1.2884588076411087E-005
   1.2885142776031706E-005
   1.2885774813345287E-005
   1.2886417634428142E-005
   1.2886919805530295E-005
   1.2887199041494502E-005
   1.2887663458772974E-005
   1.2888124537577021E-005
   1.2888453398177075E-005
   1.2888697876429576E-005
   1.2888926080925268E-005
   1.3971495242352987E-005
   1.3971495242352987E-005
   1.3971495242352987E-005
   1.3971495242352987E-005
   1.3971495242352987E-005
   1.3971495242352987E-005
   1.3971495242352987E-005
   1.3971495242352987E-005
   1.3971495242352987E-005
   1.3971495242352987E-005
   1.3971495242352987E-005
   1.3971495242352987E-005
   1.3971495242352987E-005
   1.3971495242352987E-005
   1.3971495242352987E-005
   1.3971495242352987E-005
   1.3971495242352987E-005
   1.3971495242352987E-005
   1.3971495242352987E-005
   1.3971495242352987E-005
   1.3971495242352987E-005
   1.3971495242352987E-005
   1.3971495242352987E-005
   1.3971495242352987E-005
   1.3971495242352987E-005
   1.3971495242352987E-005
   1.3971495242352987E-005
   1.3971495242352987E-005
   1.3971495242352987E-005
   1.3971495242352987E-005
   1.3971495242352987E-005
   1.3971495242352987E-005
   1.3971495242352987E-005
   1.3971495242352987E-005
   1.3971495242352987E-005
   1.3971495242352987E-005
   1.3971495242352987E-005
   1.3971495242352987E-005
   1.3971495242352987E-005
   1.3971495242352987E-005
   1.3971495242352987E-005
