   1.0049875759568123E-006
   1.0049875759568123E-006
   1.0279615850653325E-006
   1.0530364972457099E-006
   1.0792334237591245E-006
   1.1063154741291913E-006
   1.1340435708307470E-006
   1.1622082617107943E-006
   1.1906907033336168E-006
   1.2194219490313593E-006
   1.2482368881737338E-006
   1.2770578447744484E-006
   1.3058492382649563E-006
   1.3344548976839019E-006
   1.3628041202919083E-006
   1.3907811208223909E-006
   1.4183329795719386E-006
   1.4453942606876028E-006
   1.4719407426302404E-006
   1.4978901260884225E-006
   1.5231852780599814E-006
   1.5477534854333689E-006
   1.5715589361358758E-006
   1.5944939939034831E-006
   1.6164578092444756E-006
   1.6374199087952784E-006
   1.6573699825029302E-006
   1.6762632431496941E-006
   1.6940809157575241E-006
   1.7108465935657648E-006
   1.7265457595701552E-006
   1.7411932863992525E-006
   1.7547933947051991E-006
   1.7673501583388560E-006
   1.7788616654664100E-006
   1.7893469488784268E-006
   1.7988996796931199E-006
   1.8075537369504656E-006
   1.8152188778775278E-006
   1.8219341761006931E-006
   1.8275458480757687E-006
   1.8322190903707091E-006
   1.8361788970213877E-006
   1.8399005711396637E-006
   1.8436004202031505E-006
   1.8473025744712210E-006
   1.8510005995370969E-006
   1.8547012062212847E-006
   1.8584145624902146E-006
   1.8621124178406183E-006
   1.8658453983153149E-006
   1.8695699407668097E-006
   1.8732820158205987E-006
   1.8769991595749490E-006
   1.8807070393074368E-006
   1.8844052115005828E-006
   1.8881287267491583E-006
   1.8918376421137434E-006
   1.8955260757788145E-006
   1.8991913245606372E-006
   1.9028603197834345E-006
   1.9065069803694844E-006
   1.9101551309096164E-006
   1.9137783981298510E-006
   1.9173837788271186E-006
   1.9209849876587038E-006
   1.9245746535963476E-006
   1.9281568616925012E-006
   1.9317096315905971E-006
   1.9352430988450055E-006
   1.9387622039282509E-006
   1.9422756385152759E-006
   1.9457833805027834E-006
   1.9492497790648820E-006
   1.9526929675017238E-006
   1.9561391443382485E-006
   1.9595743284513918E-006
   1.9630034143755096E-006
   1.9664124390840429E-006
   1.9698105567064394E-006
   1.9732112600888188E-006
   1.9765975802741722E-006
   1.9799838089008270E-006
   1.9833420456063300E-006
   1.9867035285622686E-006
   1.9900564232715086E-006
   1.9933844062114192E-006
   1.9967300209202665E-006
   2.0000755675998265E-006
   2.0033996983692002E-006
   2.0067392738027190E-006
   2.0100674149125867E-006
   2.0134059680476834E-006
   2.0167448749328285E-006
   2.0200743335927963E-006
   2.0234016908883368E-006
   2.0267376447686669E-006
   2.0300603657226919E-006
   2.0334111679664106E-006
   2.0367629860270779E-006
   2.0401130456732971E-006
   2.0434670943817695E-006
   2.0468298331164989E-006
   2.0502154233303014E-006
   2.0536070823866453E-006
   2.0570084549088946E-006
   2.0604298251671601E-006
   2.0638669302345328E-006
   2.0673186435815382E-006
   2.0707576438038905E-006
   2.0742649762891836E-006
   2.0777615338697855E-006
   2.0812968346372564E-006
   2.0848331221103125E-006
   2.0883850768956491E-006
   2.0920003723546486E-006
   2.0956250230026628E-006
   2.0992737908506425E-006
   2.1029560454652279E-006
   2.1066931174479000E-006
   2.1104553234673680E-006
   2.1142587849940412E-006
   2.1180814523564151E-006
   2.1219786341618116E-006
   2.1258900861128829E-006
   2.1298467955958940E-006
   2.1338723817412861E-006
   2.1379558494248026E-006
   2.1420719692090863E-006
   2.1462541242867551E-006
   2.1504640427351596E-006
   2.1547669250282404E-006
   2.1591625009193581E-006
   2.1636059670071452E-006
   2.1681438507295618E-006
   2.1727440844305763E-006
   2.1774630617202546E-006
   2.1822725427768766E-006
   2.1871625314499847E-006
   2.1921387549704883E-006
   2.1972374444002042E-006
   2.2024310287379056E-006
   2.2077618396894353E-006
   2.2132010430544514E-006
   2.2187652098285919E-006
   2.2244487725219169E-006
   2.2302931364591305E-006
   2.2362699123106639E-006
   2.2423498265883777E-006
   2.2486178731491196E-006
   2.2550699927943723E-006
   2.2616739416242854E-006
   2.2684214062617206E-006
   2.2753590234052641E-006
   2.2824506601379744E-006
   2.2897222862004339E-006
   2.2971336777998558E-006
   2.3047787526647844E-006
   2.3126301476393979E-006
   2.3206046201399600E-006
   2.3287836916999849E-006
   2.3371223268634962E-006
   2.3456603446429861E-006
   2.3543502748290599E-006
   2.3631639219207307E-006
   2.3721847059583185E-006
   2.3814126810721142E-006
   2.3907970255585938E-006
   2.4002812742702765E-006
   2.4099592669471595E-006
   2.4197958602018309E-006
   2.4298355791773721E-006
   2.4400352715749982E-006
   2.4504073065171825E-006
   2.4609005664749815E-006
   2.4715271275704142E-006
   2.4822815586817016E-006
   2.4932610298559949E-006
   2.5043809428568744E-006
   2.5155827219543690E-006
   2.5269982577952869E-006
   2.5385011018892169E-006
   2.5501203461517123E-006
   2.5619443281698621E-006
   2.5740071688102480E-006
   2.5861767720284751E-006
   2.5984872187284972E-006
   2.6111407824304251E-006
   2.6239191845544793E-006
   2.6369228407108639E-006
   2.6502325134432029E-006
   2.6637964349785079E-006
   2.6776193675985161E-006
   2.6918235945917364E-006
   2.7063779349173742E-006
   2.7212384986651627E-006
   2.7365652510812661E-006
   2.7522358999122723E-006
   2.7686583703164132E-006
   2.7854785643139117E-006
   2.8029863325987092E-006
   2.8211230407916308E-006
   2.8399994821586293E-006
   2.8596569010064249E-006
   2.8800861493836625E-006
   2.9015456527595134E-006
   2.9240880611006371E-006
   2.9474575170162568E-006
   2.9720030514441610E-006
   2.9977155968404260E-006
   3.0247191378329073E-006
   3.0528966767718298E-006
   3.0824112711040515E-006
   3.1131838008962047E-006
   3.1454033237531769E-006
   3.1786784445105977E-006
   3.2134472688332644E-006
   3.2493904152346534E-006
   3.2865860752311862E-006
   3.3253888293768441E-006
   3.3653708055400465E-006
   3.4061387026902229E-006
   3.4481024588152894E-006
   3.4916061826209865E-006
   3.5357299777319831E-006
   3.5812765095766195E-006
   3.6276990425677329E-006
   3.6751511170841900E-006
   3.7235443643757722E-006
   3.7728766001178131E-006
   3.8230655626702344E-006
   3.8744919589543247E-006
   3.9262212568664137E-006
   3.9793702516316225E-006
   4.0329582013843815E-006
   4.0880583721619790E-006
   4.1442899943059028E-006
   4.2012902182616398E-006
   4.2599366255323812E-006
   4.3195762178571767E-006
   4.3809013876069456E-006
   4.4438898679928578E-006
   4.5089036249092820E-006
   4.5729465478929102E-006
   4.5925955015920544E-006
   4.5958140943937964E-006
   4.5965456151117515E-006
   4.5967284221390620E-006
   4.5967751398653707E-006
   4.6892543153184722E-006
   4.7804060385180522E-006
   4.8691664300469581E-006
   4.9530258227011922E-006
   5.0327467372640478E-006
   5.1097392172649094E-006
   5.1812575594072591E-006
   5.2469261842019841E-006
   5.3076625836446271E-006
   5.3627696600587445E-006
   5.4133971156469379E-006
   5.4608192961376860E-006
   5.5047129831909816E-006
   5.5456368461535179E-006
   5.5810927248753358E-006
   5.6126720235429815E-006
   5.6409074101120405E-006
   5.6677500094871486E-006
   5.6917206953765750E-006
   5.7143936066716029E-006
   5.7338706387922382E-006
   5.7519740632602015E-006
   5.7678573040130269E-006
   5.7814036968943237E-006
   5.7948396260240459E-006
   5.8067926062787362E-006
   5.8180259773930154E-006
   5.8280726771270016E-006
   5.8371659761907197E-006
   5.8442047808772253E-006
   5.8515770299793086E-006
   5.8583163318998035E-006
   5.8643639354307318E-006
   5.8702232828322926E-006
   5.8757397385156562E-006
   5.8804772749271269E-006
   5.8844100925846600E-006
   5.8882851255793317E-006
   5.8919372687517286E-006
   5.8952102871564525E-006
   5.8982266472466487E-006
   5.9012294174637681E-006
   5.9040100065374380E-006
   5.9064685163984848E-006
   5.9085130302658382E-006
   5.9103896433738482E-006
   5.9120872684107488E-006
   5.9135546681128950E-006
   5.9148055846556336E-006
   5.9159374554823433E-006
   5.9169667143944408E-006
   6.4088294273401749E-006
   6.4088294273401749E-006
   6.4088294273401749E-006
   6.4088294273401749E-006
   6.4088294273401749E-006
   6.4088294273401749E-006
   6.4088294273401749E-006
   6.4088294273401749E-006
   6.4088294273401749E-006
   6.4088294273401749E-006
   6.4088294273401749E-006
   6.4088294273401749E-006
   6.4088294273401749E-006
   6.4088294273401749E-006
   6.4088294273401749E-006
   6.4088294273401749E-006
   6.4088294273401749E-006
   6.4088294273401749E-006
   6.4088294273401749E-006
   6.4088294273401749E-006
   6.4088294273401749E-006
   6.4088294273401749E-006
   6.4088294273401749E-006
   6.4088294273401749E-006
   6.4088294273401749E-006
   6.4088294273401749E-006
   6.4088294273401749E-006
   6.4088294273401749E-006
   6.4088294273401749E-006
   6.4088294273401749E-006
   6.4088294273401749E-006
   6.4088294273401749E-006
   6.4088294273401749E-006
   6.4088294273401749E-006
   6.4088294273401749E-006
   6.4088294273401749E-006
   6.4088294273401749E-006
   6.4088294273401749E-006
   6.4088294273401749E-006
   6.4088294273401749E-006
   6.4088294273401749E-006
