   4.0632770917336937E-006   0.0000000000000000     
   5.4143208974803480E-006   0.0000000000000000     
   7.2145881560798296E-006   0.0000000000000000     
   9.6134461269316134E-006   0.0000000000000000     
   1.2809926836576842E-005   0.0000000000000000     
   1.7069240664775704E-005   0.0000000000000000     
   2.2744780714914020E-005   0.0000000000000000     
   3.0307443660167208E-005   0.0000000000000000     
   4.0384699801124538E-005   0.0000000000000000     
   5.3812653957696100E-005   0.0000000000000000     
   7.1705416661042262E-005   0.0000000000000000     
   9.5547541338059840E-005   0.0000000000000000     
   1.2731719695463739E-004   0.0000000000000000     
   1.6965029568928388E-004   0.0000000000000000     
   2.2605919322678841E-004   0.0000000000000000     
   3.0122410712411389E-004   0.0000000000000000     
   4.0138143208222023E-004   0.0000000000000000     
   5.3484117044454453E-004   0.0000000000000000     
   7.1267640886759774E-004   0.0000000000000000     
   9.4964204669258610E-004   0.0000000000000000     
   1.2653990024440751E-003   0.0000000000000000     
   1.6861454702466480E-003   0.0000000000000000     
   2.2467905706753098E-003   0.0000000000000000     
   2.9938507427458524E-003   0.0000000000000000     
   3.9893091892164532E-003   0.0000000000000000     
   5.3157585914154655E-003   0.0000000000000000     
   7.0832537820307165E-003   0.0000000000000000     
   9.4384429386385402E-003   0.0000000000000000     
   1.2576734908458401E-002   0.0000000000000000     
   1.6758512181083561E-002   0.0000000000000000     
   2.2330734691294457E-002   0.0000000000000000     
   2.9755726908493374E-002   0.0000000000000000     
   3.9649536662938696E-002   0.0000000000000000     
   5.2833048321094415E-002   0.0000000000000000     
   7.0400091144273494E-002   0.0000000000000000     
   9.3808193746473326E-002   0.0000000000000000     
  0.12499951450264125        0.0000000000000000     
  0.16656198144187623        0.0000000000000000     
  0.22194401132060174        0.0000000000000000     
  0.29574062300807191        0.0000000000000000     
  0.39407468386638045        0.0000000000000000     
  0.52510492094334005       0.11510864358541485     
  0.69970284640869085       0.32379407204121641     
  0.93235476139301121       0.27435411113350966     
   1.2423636770293720       0.23652076179066150     
   1.6554508754756401       0.20263271690386686     
   2.2058899916214054       0.17862390220818716     
   2.9393506791540505       0.15834539440184595     
   3.9166877985120365       0.14192733714554343     
   5.2189905137239574       0.12993693237198312     
   6.9543102191316919       0.11845489609111418     
   9.2666255086581764       0.11002758616953931     
   12.347788006563231       0.10264261929046371     
   16.453440199193327        9.6868142017009301E-002
   21.924225962134859        9.0418562744277897E-002
   29.214053609427793        8.6058792167764728E-002
   38.927756435667369        8.2117980791528836E-002
   51.871275427029779        7.9470522162148852E-002
   69.118527775248495        7.7114367285613591E-002
   92.100509241157710        7.4380788115843838E-002
   122.72402314561722        7.2594685206198106E-002
   163.52988687184671        7.1590755033505593E-002
   217.90374219225566        6.9679414062501888E-002
   290.35696024543336        6.8727310401956440E-002
   386.90094770646141        6.8101618032663916E-002
   515.54591014324524        6.7783470418125422E-002
   686.96545470102581        6.7937507954295068E-002
   915.38217386200006        6.7531784336725631E-002
   1219.7476867144564        6.7522087893922694E-002
   1625.3150451557306        6.7871921679186570E-002
   2165.7339667724109        6.9495545416544957E-002
   2885.8427348048995        7.0837871456783302E-002
   3845.3884077173038        7.1687653068421148E-002
   5123.9840022697263        7.3356749177865763E-002
   6827.7139450528530        7.4648228729066138E-002
   9097.9358434412316        7.5514142303287776E-002
   12123.008854427357        7.7112397807937078E-002
   16153.921748137405        8.0028635331929429E-002
   21525.117318515087        8.2542473006153166E-002
   28682.240931943445        8.6964237014565057E-002
   38219.115496779363        8.9014997684316671E-002
   50927.010648229239        9.2720509026534614E-002
   67860.293987792626        9.7616355080898484E-002
   90423.911427241081       0.10067957349896800     
   120489.95483680644       0.10437104466487977     
   160552.98855610055       0.11181897291745051     
   213937.02212942560       0.11723043145502601     
   285071.30168812518       0.12303907590067073     
   379857.80225078925       0.13204791980904879     
   506160.91159066890       0.14055152884548372     
   674459.93449188024       0.14575783248917787     
   898718.55534088309       0.14511625283917531     
   1197543.3979225163       0.11984299697163056     
   1595727.8075379776        6.5031143810183822E-002
   2126308.9422624172        1.8869863210393221E-002
   2833308.8491581720        1.5729477695799517E-003
   3775386.9511438375        1.9054547052923720E-005
   5030706.9894982157        3.4805094809869007E-009
   6703422.2297448562        0.0000000000000000     
   8932317.0051531065        0.0000000000000000     
   11902321.582327656        0.0000000000000000     
   15859855.731431741        0.0000000000000000     
   21133274.049266435        0.0000000000000000     
   28160109.373269815        0.0000000000000000     
   37523374.658648454        0.0000000000000000     
   49999935.266935006        0.0000000000000000     
   66624965.090166487        0.0000000000000000     
   88777834.402544767        0.0000000000000000     
   118296555.51097512        0.0000000000000000     
   157630281.70193860        0.0000000000000000     
   210042512.24480730        0.0000000000000000     
   279881863.26744068        0.0000000000000000     
   372942870.22598165        0.0000000000000000     
   496946757.56638557        0.0000000000000000     
   662182064.79213011        0.0000000000000000     
   882358281.35732234        0.0000000000000000     
   1175743316.0383906        0.0000000000000000     
   1566679176.0399857        0.0000000000000000     
   2087601610.9601123        0.0000000000000000     
   2781731290.4477043        0.0000000000000000     
   3706659801.1950464        0.0000000000000000     
   4939127991.6127462        0.0000000000000000     
   6581393121.0162401        0.0000000000000000     
   8769713092.4555302        0.0000000000000000     
   11685651701.673561        0.0000000000000000     
   15571142892.953049        0.0000000000000000     
   20748563895.502522        0.0000000000000000     
   27647482698.304775        0.0000000000000000     
   36840299087.820251        0.0000000000000000     
   49089736367.328346        0.0000000000000000     
   65412124121.720345        0.0000000000000000     
   87161722566.574142        0.0000000000000000     
   116143084829.89278        0.0000000000000000     
   154760779807.90973        0.0000000000000000     
   206218898024.20563        0.0000000000000000     
   274786893391.86264        0.0000000000000000     
   366153817634.54047        0.0000000000000000     
   487900338016.33582        0.0000000000000000     
   650127701451.55261        0.0000000000000000     
   866295829826.88269        0.0000000000000000     
