   1.0049875759568116E-006
   1.0049875759568116E-006
   1.0477515960930264E-006
   1.0942187461573856E-006
   1.1429757892769445E-006
   1.1936289330186975E-006
   1.2457747994311545E-006
   1.2991195712149064E-006
   1.3534634824311738E-006
   1.4085676268313449E-006
   1.4642469630310663E-006
   1.5203439994727127E-006
   1.5766019403887662E-006
   1.6327813242998796E-006
   1.6890875571289473E-006
   1.7453359615586192E-006
   1.8012348748257979E-006
   1.8566545713859152E-006
   1.9114569521580076E-006
   1.9656862163823190E-006
   2.0192931703930621E-006
   2.0721530607236815E-006
   2.1241050704122980E-006
   2.1750688929406216E-006
   2.2252697952634623E-006
   2.2744652895546132E-006
   2.3226092231152521E-006
   2.3696780117092358E-006
   2.4155979635462707E-006
   2.4603552189299178E-006
   2.5038947056336442E-006
   2.5462462897559243E-006
   2.5873967580623237E-006
   2.6272867832213050E-006
   2.6657754814570787E-006
   2.7028515392047580E-006
   2.7384338093008903E-006
   2.7724212977716254E-006
   2.8047443375884010E-006
   2.8354286649222162E-006
   2.8645094837255952E-006
   2.8919458464303434E-006
   2.9177628123327760E-006
   2.9420982790484918E-006
   2.9648916301902234E-006
   2.9862737614749522E-006
   3.0061856989600048E-006
   3.0247768933450683E-006
   3.0420029178936441E-006
   3.0579487278138757E-006
   3.0727238352637008E-006
   3.0864358749776519E-006
   3.0991207967057493E-006
   3.1108114876090542E-006
   3.1215703365911704E-006
   3.1314927332996978E-006
   3.1405194922678897E-006
   3.1486384765206199E-006
   3.1558168488974399E-006
   3.1623014775659018E-006
   3.1682266435640208E-006
   3.1738954673116458E-006
   3.1794475379743907E-006
   3.1849206724062237E-006
   3.1904000053535608E-006
   3.1958816674148016E-006
   3.2013053374599308E-006
   3.2067663053472729E-006
   3.2122118774812499E-006
   3.2177073572579334E-006
   3.2231550067513525E-006
   3.2285630985010696E-006
   3.2339475816512423E-006
   3.2393799529980991E-006
   3.2447315357880233E-006
   3.2501025814870104E-006
   3.2554610057172970E-006
   3.2607925010235810E-006
   3.2660910518399308E-006
   3.2713872378385045E-006
   3.2766704726398334E-006
   3.2819632301601272E-006
   3.2872452469779322E-006
   3.2924734249260772E-006
   3.2977044699205090E-006
   3.3028989651394340E-006
   3.3081263254407932E-006
   3.3133553138514112E-006
   3.3185409587117391E-006
   3.3237547858417488E-006
   3.3289298323265645E-006
   3.3341183661537745E-006
   3.3392713946599197E-006
   3.3444053055690755E-006
   3.3495522063630639E-006
   3.3546931887324566E-006
   3.3598221068385765E-006
   3.3649488727046874E-006
   3.3701161096078338E-006
   3.3752387577716620E-006
   3.3803638821964535E-006
   3.3854697192368456E-006
   3.3905595152873398E-006
   3.3956898548683428E-006
   3.4008371669628016E-006
   3.4059960076927350E-006
   3.4111572904166618E-006
   3.4163379112748150E-006
   3.4215125005572399E-006
   3.4266856297169427E-006
   3.4318686760658627E-006
   3.4370561897406036E-006
   3.4423203735568604E-006
   3.4475692498123617E-006
   3.4528337792032409E-006
   3.4581005656869406E-006
   3.4634180481443496E-006
   3.4687519750488964E-006
   3.4741306299126212E-006
   3.4795380019570608E-006
   3.4849772738159588E-006
   3.4904619577717299E-006
   3.4959770177696675E-006
   3.5015292040791577E-006
   3.5071153775330845E-006
   3.5127234928803928E-006
   3.5183599348090780E-006
   3.5240757753271476E-006
   3.5298747473281387E-006
   3.5357292436124160E-006
   3.5416181299809951E-006
   3.5475730062266659E-006
   3.5535826263678131E-006
   3.5596519566774618E-006
   3.5657913314620360E-006
   3.5719780521523358E-006
   3.5782617570246874E-006
   3.5846493716873554E-006
   3.5910950680781008E-006
   3.5976682521514558E-006
   3.6043437076489130E-006
   3.6111023416596184E-006
   3.6179712168144176E-006
   3.6249349052131471E-006
   3.6320352784824246E-006
   3.6392502611462512E-006
   3.6466304931532798E-006
   3.6541356777789260E-006
   3.6617725159332420E-006
   3.6695856402107583E-006
   3.6775147946410862E-006
   3.6857154799815156E-006
   3.6940235807092009E-006
   3.7024957442063338E-006
   3.7111995506826717E-006
   3.7200958826646679E-006
   3.7292383022170383E-006
   3.7385837897983400E-006
   3.7482151433524097E-006
   3.7580783043730597E-006
   3.7681652671251661E-006
   3.7785522317387510E-006
   3.7892148935901691E-006
   3.8001930480258475E-006
   3.8113956295218119E-006
   3.8228646038411205E-006
   3.8347642053827443E-006
   3.8470040036452832E-006
   3.8595486490440371E-006
   3.8723842527223434E-006
   3.8856221098807230E-006
   3.8991735156971721E-006
   3.9130866651364113E-006
   3.9273554719224145E-006
   3.9420806666033008E-006
   3.9571236694299437E-006
   3.9725635980770539E-006
   3.9883111660903687E-006
   4.0044742168092773E-006
   4.0211127686641679E-006
   4.0380989631463250E-006
   4.0554116922058119E-006
   4.0731016991362066E-006
   4.0911249105725515E-006
   4.1095365271156685E-006
   4.1283859823869385E-006
   4.1477496309260814E-006
   4.1674582039380699E-006
   4.1875944322086230E-006
   4.2080397280304359E-006
   4.2289733500452017E-006
   4.2503658377713968E-006
   4.2723921346383007E-006
   4.2947743493623725E-006
   4.3175038021965063E-006
   4.3406850160174019E-006
   4.3647051593754741E-006
   4.3893104858982042E-006
   4.4143767287265424E-006
   4.4400311671461301E-006
   4.4666221197407210E-006
   4.4938774792248335E-006
   4.5221521478425333E-006
   4.5514457829137728E-006
   4.5815254653515022E-006
   4.6126869919274314E-006
   4.6450741752143576E-006
   4.6786563784377311E-006
   4.7139193845840613E-006
   4.7508240532073183E-006
   4.7891949703405911E-006
   4.8289851778336682E-006
   4.8707956133103284E-006
   4.9142130917116903E-006
   4.9595182949937655E-006
   5.0063840515002787E-006
   5.0555315618061752E-006
   5.1067394684293426E-006
   5.1597239536173116E-006
   5.2144409888589020E-006
   5.2711734924486467E-006
   5.3299930396873601E-006
   5.3907556861213888E-006
   5.4528014320457769E-006
   5.5170498733735473E-006
   5.5829636604048348E-006
   5.6500700069909347E-006
   5.7188677654563384E-006
   5.7891302392515293E-006
   5.8601197375140591E-006
   5.9323342455695242E-006
   6.0050876451916373E-006
   6.0791853830785718E-006
   6.1540238603153745E-006
   6.2293261597255781E-006
   6.3056692270645328E-006
   6.3826287615077574E-006
   6.4599131912001199E-006
   6.5381844111710276E-006
   6.6158094882125264E-006
   6.6939027685546544E-006
   6.7727607612751011E-006
   6.8511488838114473E-006
   6.9298623231035787E-006
   7.0090031492101197E-006
   7.0885040097622869E-006
   7.1669252314302814E-006
   7.1795329391655744E-006
   7.4014094227199599E-006
   7.6243222024008150E-006
   7.8432881871201020E-006
   8.0595516358188995E-006
   8.2650477702175637E-006
   8.4557897725657335E-006
   8.6315103186863489E-006
   8.8001851935755123E-006
   8.9573031248727545E-006
   9.1121235213466174E-006
   9.2536139312252892E-006
   9.3898192754865188E-006
   9.5155345117064188E-006
   9.6318908104402220E-006
   9.7372610559929359E-006
   9.8222717353992731E-006
   9.8912001629914358E-006
   9.9483671329606024E-006
   9.9999058845381238E-006
   1.0040256671691392E-005
   1.0076288366791322E-005
   1.0104893489968976E-005
   1.0128966402489664E-005
   1.0151994753558583E-005
   1.0171701245032600E-005
   1.0191433938571936E-005
   1.0209346469980769E-005
   1.0225166994433467E-005
   1.0240121371166234E-005
   1.0253277132936166E-005
   1.0265202648116357E-005
   1.0276419442220168E-005
   1.0286109271897198E-005
   1.0295123691106911E-005
   1.0303316965483123E-005
   1.0310031608398114E-005
   1.0316205458202590E-005
   1.0322275545796153E-005
   1.0327961061170443E-005
   1.0333402849144357E-005
   1.0337709773530320E-005
   1.0341664344796021E-005
   1.0345576739071086E-005
   1.0349253334820988E-005
   1.0352283584339390E-005
   1.0355006663408433E-005
   1.0357703365192003E-005
   1.0359747429946952E-005
   1.0361662457051823E-005
   1.0363558783069858E-005
   1.0365138382138088E-005
   1.0366792352779448E-005
   1.0875331390751520E-005
   1.0875331390751520E-005
   1.0875331390751520E-005
   1.0875331390751520E-005
   1.0875331390751520E-005
   1.0875331390751520E-005
   1.0875331390751520E-005
   1.0875331390751520E-005
   1.0875331390751520E-005
   1.0875331390751520E-005
   1.0875331390751520E-005
   1.0875331390751520E-005
   1.0875331390751520E-005
   1.0875331390751520E-005
   1.0875331390751520E-005
   1.0875331390751520E-005
   1.0875331390751520E-005
   1.0875331390751520E-005
   1.0875331390751520E-005
   1.0875331390751520E-005
   1.0875331390751520E-005
   1.0875331390751520E-005
   1.0875331390751520E-005
   1.0875331390751520E-005
   1.0875331390751520E-005
   1.0875331390751520E-005
   1.0875331390751520E-005
   1.0875331390751520E-005
   1.0875331390751520E-005
   1.0875331390751520E-005
   1.0875331390751520E-005
   1.0875331390751520E-005
   1.0875331390751520E-005
   1.0875331390751520E-005
   1.0875331390751520E-005
   1.0875331390751520E-005
   1.0875331390751520E-005
   1.0875331390751520E-005
   1.0875331390751520E-005
   1.0875331390751520E-005
   1.0875331390751520E-005
